 d_f t_f d_p t_p uel_dist_sp_f uel_dist_mag_f uel_dist_tot_f uel_dist_sp_p uel_dist_mag_p uel_dist_tot_p
 3.15268E+00  1.47000E+02  3.16339E+00  1.48000E+02  2.51411E-02  2.51010E-02  5.02422E-02  2.52265E-02  2.51863E-02  5.04127E-02
 4.61505E+00  3.15000E+02  4.62237E+00  3.16000E+02  3.67960E-02  3.67434E-02  7.35394E-02  3.68543E-02  3.68017E-02  7.36560E-02
 6.44291E+00  4.83000E+02  6.45290E+00  4.84000E+02  5.13750E-02  5.12776E-02  1.02653E-01  5.14546E-02  5.13570E-02  1.02812E-01
 7.94608E+00  6.51000E+02  7.95418E+00  6.52000E+02  6.33642E-02  6.32245E-02  1.26589E-01  6.34289E-02  6.32889E-02  1.26718E-01
 9.20756E+00  8.19000E+02  9.21455E+00  8.20000E+02  7.34248E-02  7.32475E-02  1.46672E-01  7.34806E-02  7.33030E-02  1.46784E-01
 1.03163E+01  9.87000E+02  1.03226E+01  9.88000E+02  8.22668E-02  8.20547E-02  1.64321E-01  8.23166E-02  8.21043E-02  1.64421E-01
 1.13173E+01  1.15500E+03  1.13230E+01  1.15600E+03  9.02486E-02  9.00038E-02  1.80252E-01  9.02941E-02  9.00490E-02  1.80343E-01
 1.22369E+01  1.32300E+03  1.22422E+01  1.32400E+03  9.75815E-02  9.73054E-02  1.94887E-01  9.76236E-02  9.73472E-02  1.94971E-01
 1.30923E+01  1.49100E+03  1.30973E+01  1.49200E+03  1.04402E-01  1.04096E-01  2.08498E-01  1.04441E-01  1.04135E-01  2.08576E-01
 1.38954E+01  1.65900E+03  1.39000E+01  1.66000E+03  1.10805E-01  1.10469E-01  2.21274E-01  1.10842E-01  1.10506E-01  2.21348E-01
 1.46547E+01  1.82700E+03  1.46591E+01  1.82800E+03  1.16859E-01  1.16494E-01  2.33353E-01  1.16894E-01  1.16529E-01  2.33423E-01
 1.53767E+01  1.99500E+03  1.53809E+01  1.99600E+03  1.22615E-01  1.22223E-01  2.44838E-01  1.22648E-01  1.22256E-01  2.44905E-01
 1.60665E+01  2.16300E+03  1.60705E+01  2.16400E+03  1.28114E-01  1.27694E-01  2.55808E-01  1.28146E-01  1.27726E-01  2.55872E-01
 1.67279E+01  2.33100E+03  1.67318E+01  2.33200E+03  1.33387E-01  1.32940E-01  2.66327E-01  1.33418E-01  1.32971E-01  2.66389E-01
 1.73643E+01  2.49900E+03  1.73681E+01  2.50000E+03  1.38460E-01  1.37987E-01  2.76447E-01  1.38490E-01  1.38017E-01  2.76507E-01
 1.79784E+01  2.66700E+03  1.79820E+01  2.66800E+03  1.43355E-01  1.42856E-01  2.86211E-01  1.43384E-01  1.42884E-01  2.86268E-01
 1.85722E+01  2.83500E+03  1.85757E+01  2.83600E+03  1.48089E-01  1.47563E-01  2.95652E-01  1.48116E-01  1.47591E-01  2.95707E-01
 1.91477E+01  3.00300E+03  1.91511E+01  3.00400E+03  1.52676E-01  1.52125E-01  3.04802E-01  1.52703E-01  1.52152E-01  3.04855E-01
 1.97066E+01  3.17100E+03  1.97098E+01  3.17200E+03  1.57130E-01  1.56555E-01  3.13685E-01  1.57157E-01  1.56581E-01  3.13737E-01
 2.02501E+01  3.33900E+03  2.02533E+01  3.34000E+03  1.61462E-01  1.60862E-01  3.22324E-01  1.61488E-01  1.60887E-01  3.22375E-01
 2.07794E+01  3.50700E+03  2.07826E+01  3.50800E+03  1.65682E-01  1.65056E-01  3.30738E-01  1.65707E-01  1.65081E-01  3.30787E-01
 2.12958E+01  3.67500E+03  2.12988E+01  3.67600E+03  1.69797E-01  1.69147E-01  3.38943E-01  1.69821E-01  1.69171E-01  3.38992E-01
 2.17999E+01  3.84300E+03  2.18029E+01  3.84400E+03  1.73815E-01  1.73140E-01  3.46955E-01  1.73839E-01  1.73164E-01  3.47002E-01
 2.22928E+01  4.01100E+03  2.22957E+01  4.01200E+03  1.77743E-01  1.77044E-01  3.54787E-01  1.77766E-01  1.77067E-01  3.54833E-01
 2.27750E+01  4.17900E+03  2.27778E+01  4.18000E+03  1.81586E-01  1.80863E-01  3.62449E-01  1.81609E-01  1.80886E-01  3.62494E-01
 2.32473E+01  4.34700E+03  2.32501E+01  4.34800E+03  1.85350E-01  1.84603E-01  3.69954E-01  1.85372E-01  1.84626E-01  3.69998E-01
 2.37103E+01  4.51500E+03  2.37130E+01  4.51600E+03  1.89040E-01  1.88269E-01  3.77309E-01  1.89061E-01  1.88291E-01  3.77352E-01
 2.41645E+01  4.68300E+03  2.41671E+01  4.68400E+03  1.92659E-01  1.91865E-01  3.84524E-01  1.92680E-01  1.91886E-01  3.84567E-01
 2.46103E+01  4.85100E+03  2.46129E+01  4.85200E+03  1.96212E-01  1.95395E-01  3.91606E-01  1.96233E-01  1.95415E-01  3.91648E-01
 9.15761E+01  5.01900E+03  2.53054E+01  5.11900E+03  6.24052E-01  6.26736E-01  1.25079E+00  0.00000E+00  0.00000E+00  0.00000E+00
 2.57417E+01  5.29000E+03  2.57442E+01  5.29100E+03  2.05228E-01  2.04349E-01  4.09577E-01  2.05248E-01  2.04369E-01  4.09617E-01
 7.06896E+01  5.45800E+03  2.64073E+01  5.55800E+03  6.53966E-01  3.13316E-01  9.67282E-01  0.00000E+00  0.00000E+00  0.00000E+00
 2.68258E+01  5.72900E+03  2.68282E+01  5.73000E+03  2.13866E-01  2.12928E-01  4.26793E-01  2.13885E-01  2.12947E-01  4.26832E-01
 2.72284E+01  5.89700E+03  2.72308E+01  5.89800E+03  2.17074E-01  2.16113E-01  4.33187E-01  2.17093E-01  2.16132E-01  4.33225E-01
 2.76253E+01  6.06500E+03  2.76276E+01  6.06600E+03  2.20236E-01  2.19252E-01  4.39488E-01  2.20254E-01  2.19271E-01  4.39525E-01
 2.80165E+01  6.23300E+03  2.80188E+01  6.23400E+03  2.23353E-01  2.22347E-01  4.45699E-01  2.23371E-01  2.22365E-01  4.45736E-01
 2.84024E+01  6.40100E+03  2.84047E+01  6.40200E+03  2.26427E-01  2.25399E-01  4.51826E-01  2.26446E-01  2.25417E-01  4.51862E-01
 2.87832E+01  6.56900E+03  2.87854E+01  6.57000E+03  2.29461E-01  2.28410E-01  4.57871E-01  2.29479E-01  2.28428E-01  4.57907E-01
 2.91590E+01  6.73700E+03  2.91612E+01  6.73800E+03  2.32455E-01  2.31382E-01  4.63838E-01  2.32473E-01  2.31400E-01  4.63873E-01
 2.95301E+01  6.90500E+03  2.95323E+01  6.90600E+03  2.35412E-01  2.34317E-01  4.69729E-01  2.35429E-01  2.34334E-01  4.69763E-01
 2.98967E+01  7.07300E+03  2.98988E+01  7.07400E+03  2.38332E-01  2.37214E-01  4.75547E-01  2.38349E-01  2.37232E-01  4.75581E-01
 6.33288E+01  7.24100E+03  3.04445E+01  7.34100E+03  7.55091E-01  1.12173E-01  8.67265E-01  0.00000E+00  0.00000E+00  0.00000E+00
 3.08083E+01  7.51200E+03  3.08104E+01  7.51300E+03  2.45818E-01  2.44199E-01  4.90017E-01  2.45835E-01  2.44215E-01  4.90050E-01
 3.11597E+01  7.68000E+03  3.11617E+01  7.68100E+03  2.48617E-01  2.46976E-01  4.95593E-01  2.48633E-01  2.46992E-01  4.95626E-01
 3.15071E+01  7.84800E+03  3.15092E+01  7.84900E+03  2.51385E-01  2.49722E-01  5.01106E-01  2.51401E-01  2.49738E-01  5.01139E-01
 3.18508E+01  8.01600E+03  3.18528E+01  8.01700E+03  2.54123E-01  2.52438E-01  5.06561E-01  2.54139E-01  2.52454E-01  5.06593E-01
 3.21909E+01  8.18400E+03  3.21929E+01  8.18500E+03  2.56832E-01  2.55125E-01  5.11957E-01  2.56848E-01  2.55141E-01  5.11989E-01
 3.25274E+01  8.35200E+03  3.25294E+01  8.35300E+03  2.59513E-01  2.57784E-01  5.17297E-01  2.59528E-01  2.57800E-01  5.17329E-01
 3.28606E+01  8.52000E+03  3.28625E+01  8.52100E+03  2.62166E-01  2.60417E-01  5.22583E-01  2.62182E-01  2.60432E-01  5.22614E-01
 3.31904E+01  8.68800E+03  3.31924E+01  8.68900E+03  2.64794E-01  2.63022E-01  5.27816E-01  2.64809E-01  2.63038E-01  5.27847E-01
 3.35170E+01  8.85600E+03  3.35190E+01  8.85700E+03  2.67395E-01  2.65603E-01  5.32998E-01  2.67411E-01  2.65618E-01  5.33029E-01
 3.38405E+01  9.02400E+03  3.38425E+01  9.02500E+03  2.69972E-01  2.68158E-01  5.38130E-01  2.69987E-01  2.68173E-01  5.38160E-01
 3.41610E+01  9.19200E+03  3.41629E+01  9.19300E+03  2.72525E-01  2.70689E-01  5.43214E-01  2.72540E-01  2.70704E-01  5.43244E-01
 3.44786E+01  9.36000E+03  3.44804E+01  9.36100E+03  2.75054E-01  2.73197E-01  5.48251E-01  2.75069E-01  2.73212E-01  5.48281E-01
 3.47932E+01  9.52800E+03  3.47951E+01  9.52900E+03  2.77560E-01  2.75682E-01  5.53242E-01  2.77575E-01  2.75697E-01  5.53272E-01
 3.51051E+01  9.69600E+03  3.51070E+01  9.69700E+03  2.80044E-01  2.78145E-01  5.58189E-01  2.80059E-01  2.78159E-01  5.58218E-01
 7.69537E+01  9.86400E+03  3.51325E+01  9.96400E+03  8.80019E-01  1.72710E-01  1.05273E+00  0.00000E+00  0.00000E+00  0.00000E+00
 3.54447E+01  1.01350E+04  3.54465E+01  1.01360E+04  2.86473E-01  2.77110E-01  5.63583E-01  2.86487E-01  2.77125E-01  5.63612E-01
 3.57470E+01  1.03030E+04  3.57488E+01  1.03040E+04  2.88880E-01  2.79498E-01  5.68378E-01  2.88895E-01  2.79512E-01  5.68406E-01
 3.60469E+01  1.04710E+04  3.60487E+01  1.04720E+04  2.91269E-01  2.81865E-01  5.73134E-01  2.91283E-01  2.81879E-01  5.73162E-01
 3.63444E+01  1.06390E+04  3.63461E+01  1.06400E+04  2.93637E-01  2.84214E-01  5.77851E-01  2.93651E-01  2.84227E-01  5.77879E-01
 3.66395E+01  1.08070E+04  3.66412E+01  1.08080E+04  2.95987E-01  2.86543E-01  5.82530E-01  2.96001E-01  2.86557E-01  5.82558E-01
 3.69323E+01  1.09750E+04  3.69340E+01  1.09760E+04  2.98319E-01  2.88854E-01  5.87173E-01  2.98333E-01  2.88868E-01  5.87201E-01
 3.72228E+01  1.11430E+04  3.72245E+01  1.11440E+04  3.00633E-01  2.91148E-01  5.91781E-01  3.00647E-01  2.91161E-01  5.91808E-01
 3.75112E+01  1.13110E+04  3.75129E+01  1.13120E+04  3.02929E-01  2.93424E-01  5.96353E-01  3.02943E-01  2.93437E-01  5.96380E-01
 3.77974E+01  1.14790E+04  3.77991E+01  1.14800E+04  3.05208E-01  2.95682E-01  6.00891E-01  3.05222E-01  2.95696E-01  6.00917E-01
 3.80815E+01  1.16470E+04  3.80832E+01  1.16480E+04  3.07471E-01  2.97924E-01  6.05395E-01  3.07484E-01  2.97938E-01  6.05422E-01
 3.83635E+01  1.18150E+04  3.83652E+01  1.18160E+04  3.09717E-01  3.00150E-01  6.09867E-01  3.09730E-01  3.00163E-01  6.09893E-01
 3.86436E+01  1.19830E+04  3.86452E+01  1.19840E+04  3.11947E-01  3.02360E-01  6.14306E-01  3.11960E-01  3.02373E-01  6.14333E-01
 3.89217E+01  1.21510E+04  3.89233E+01  1.21520E+04  3.14161E-01  3.04554E-01  6.18715E-01  3.14174E-01  3.04567E-01  6.18741E-01
 8.36581E+01  1.23190E+04  3.84160E+01  1.24190E+04  9.83342E-01  1.60564E-01  1.14391E+00  0.00000E+00  0.00000E+00  0.00000E+00
 3.86956E+01  1.25900E+04  3.86972E+01  1.25910E+04  3.19942E-01  2.95204E-01  6.15147E-01  3.19955E-01  2.95217E-01  6.15172E-01
 3.89668E+01  1.27580E+04  3.89684E+01  1.27590E+04  3.22102E-01  2.97345E-01  6.19446E-01  3.22115E-01  2.97357E-01  6.19472E-01
 3.92363E+01  1.29260E+04  3.92379E+01  1.29270E+04  3.24247E-01  2.99471E-01  6.23718E-01  3.24260E-01  2.99483E-01  6.23743E-01
 3.95040E+01  1.30940E+04  3.95056E+01  1.30950E+04  3.26378E-01  3.01583E-01  6.27961E-01  3.26391E-01  3.01595E-01  6.27986E-01
 3.97699E+01  1.32620E+04  3.97715E+01  1.32630E+04  3.28496E-01  3.03681E-01  6.32177E-01  3.28508E-01  3.03694E-01  6.32202E-01
 4.00342E+01  1.34300E+04  4.00358E+01  1.34310E+04  3.30600E-01  3.05766E-01  6.36366E-01  3.30612E-01  3.05779E-01  6.36391E-01
 4.02969E+01  1.35980E+04  4.02984E+01  1.35990E+04  3.32691E-01  3.07838E-01  6.40529E-01  3.32703E-01  3.07850E-01  6.40553E-01
 4.05579E+01  1.37660E+04  4.05594E+01  1.37670E+04  3.34769E-01  3.09897E-01  6.44666E-01  3.34781E-01  3.09909E-01  6.44690E-01
 4.08173E+01  1.39340E+04  4.08189E+01  1.39350E+04  3.36834E-01  3.11943E-01  6.48777E-01  3.36846E-01  3.11955E-01  6.48801E-01
 4.10752E+01  1.41020E+04  4.10767E+01  1.41030E+04  3.38887E-01  3.13977E-01  6.52864E-01  3.38899E-01  3.13989E-01  6.52888E-01
 4.13315E+01  1.42700E+04  4.13330E+01  1.42710E+04  3.40927E-01  3.15999E-01  6.56926E-01  3.40939E-01  3.16011E-01  6.56950E-01
 4.15863E+01  1.44380E+04  4.15878E+01  1.44390E+04  3.42956E-01  3.18008E-01  6.60964E-01  3.42968E-01  3.18020E-01  6.60988E-01
 4.18397E+01  1.46060E+04  4.18412E+01  1.46070E+04  3.44972E-01  3.20006E-01  6.64978E-01  3.44984E-01  3.20018E-01  6.65002E-01
 4.20916E+01  1.47740E+04  4.20930E+01  1.47750E+04  3.46978E-01  3.21992E-01  6.68969E-01  3.46989E-01  3.22004E-01  6.68993E-01
 8.98855E+01  1.49420E+04  4.04459E+01  1.50420E+04  1.08297E+00  1.45554E-01  1.22852E+00  0.00000E+00  0.00000E+00  0.00000E+00
 4.06999E+01  1.52130E+04  4.07014E+01  1.52140E+04  3.52306E-01  2.94644E-01  6.46950E-01  3.52317E-01  2.94656E-01  6.46973E-01
 4.09466E+01  1.53810E+04  4.09480E+01  1.53820E+04  3.54269E-01  2.96590E-01  6.50859E-01  3.54280E-01  2.96602E-01  6.50882E-01
 4.11919E+01  1.55490E+04  4.11934E+01  1.55500E+04  3.56221E-01  2.98526E-01  6.54747E-01  3.56233E-01  2.98538E-01  6.54770E-01
 4.14359E+01  1.57170E+04  4.14374E+01  1.57180E+04  3.58163E-01  3.00451E-01  6.58614E-01  3.58175E-01  3.00463E-01  6.58637E-01
 4.16786E+01  1.58850E+04  4.16801E+01  1.58860E+04  3.60095E-01  3.02366E-01  6.62460E-01  3.60106E-01  3.02377E-01  6.62483E-01
 4.19201E+01  1.60530E+04  4.19215E+01  1.60540E+04  3.62016E-01  3.04270E-01  6.66286E-01  3.62027E-01  3.04282E-01  6.66309E-01
 4.21603E+01  1.62210E+04  4.21617E+01  1.62220E+04  3.63927E-01  3.06165E-01  6.70092E-01  3.63939E-01  3.06176E-01  6.70115E-01
 4.23992E+01  1.63890E+04  4.24006E+01  1.63900E+04  3.65829E-01  3.08049E-01  6.73878E-01  3.65840E-01  3.08060E-01  6.73900E-01
 4.26369E+01  1.65570E+04  4.26383E+01  1.65580E+04  3.67721E-01  3.09924E-01  6.77644E-01  3.67732E-01  3.09935E-01  6.77667E-01
 4.28734E+01  1.67250E+04  4.28748E+01  1.67260E+04  3.69603E-01  3.11789E-01  6.81392E-01  3.69614E-01  3.11800E-01  6.81414E-01
 4.31088E+01  1.68930E+04  4.31102E+01  1.68940E+04  3.71475E-01  3.13645E-01  6.85120E-01  3.71487E-01  3.13656E-01  6.85142E-01
 4.33429E+01  1.70610E+04  4.33443E+01  1.70620E+04  3.73339E-01  3.15491E-01  6.88830E-01  3.73350E-01  3.15502E-01  6.88852E-01
 4.35759E+01  1.72290E+04  4.35773E+01  1.72300E+04  3.75193E-01  3.17328E-01  6.92521E-01  3.75204E-01  3.17339E-01  6.92543E-01
 4.38078E+01  1.73970E+04  4.38092E+01  1.73980E+04  3.77038E-01  3.19157E-01  6.96195E-01  3.77049E-01  3.19168E-01  6.96217E-01
 9.57889E+01  1.75650E+04  4.07650E+01  1.76650E+04  1.17415E+00  1.34504E-01  1.30865E+00  0.00000E+00  0.00000E+00  0.00000E+00
 4.09992E+01  1.78360E+04  4.10005E+01  1.78370E+04  3.82066E-01  2.69684E-01  6.51750E-01  3.82076E-01  2.69695E-01  6.51771E-01
 4.12269E+01  1.80040E+04  4.12282E+01  1.80050E+04  3.83877E-01  2.71482E-01  6.55358E-01  3.83888E-01  2.71492E-01  6.55380E-01
 4.14535E+01  1.81720E+04  4.14549E+01  1.81730E+04  3.85679E-01  2.73270E-01  6.58950E-01  3.85690E-01  2.73281E-01  6.58971E-01
 4.16791E+01  1.83400E+04  4.16805E+01  1.83410E+04  3.87474E-01  2.75051E-01  6.62525E-01  3.87485E-01  2.75062E-01  6.62546E-01
 4.19037E+01  1.85080E+04  4.19050E+01  1.85090E+04  3.89260E-01  2.76823E-01  6.66083E-01  3.89271E-01  2.76834E-01  6.66105E-01
 4.21273E+01  1.86760E+04  4.21286E+01  1.86770E+04  3.91038E-01  2.78588E-01  6.69626E-01  3.91049E-01  2.78598E-01  6.69647E-01
 4.23498E+01  1.88440E+04  4.23511E+01  1.88450E+04  3.92809E-01  2.80344E-01  6.73152E-01  3.92819E-01  2.80354E-01  6.73173E-01
 4.25714E+01  1.90120E+04  4.25727E+01  1.90130E+04  3.94571E-01  2.82092E-01  6.76663E-01  3.94581E-01  2.82103E-01  6.76684E-01
 4.27920E+01  1.91800E+04  4.27933E+01  1.91810E+04  3.96326E-01  2.83833E-01  6.80158E-01  3.96336E-01  2.83843E-01  6.80179E-01
 4.30116E+01  1.93480E+04  4.30129E+01  1.93490E+04  3.98073E-01  2.85566E-01  6.83638E-01  3.98083E-01  2.85576E-01  6.83659E-01
 4.32303E+01  1.95160E+04  4.32316E+01  1.95170E+04  3.99812E-01  2.87291E-01  6.87103E-01  3.99822E-01  2.87301E-01  6.87124E-01
 4.34481E+01  1.96840E+04  4.34494E+01  1.96850E+04  4.01544E-01  2.89009E-01  6.90553E-01  4.01554E-01  2.89019E-01  6.90573E-01
 4.36649E+01  1.98520E+04  4.36662E+01  1.98530E+04  4.03269E-01  2.90719E-01  6.93988E-01  4.03279E-01  2.90729E-01  6.94008E-01
 4.38808E+01  2.00200E+04  4.38821E+01  2.00210E+04  4.04986E-01  2.92422E-01  6.97408E-01  4.04996E-01  2.92432E-01  6.97429E-01
 1.01214E+02  2.01880E+04  3.97236E+01  2.02880E+04  1.25877E+00  1.23461E-01  1.38223E+00  0.00000E+00  0.00000E+00  0.00000E+00
 3.99420E+01  2.04590E+04  3.99433E+01  2.04600E+04  4.09786E-01  2.25283E-01  6.35069E-01  4.09796E-01  2.25293E-01  6.35089E-01
 4.01544E+01  2.06270E+04  4.01557E+01  2.06280E+04  4.11474E-01  2.26962E-01  6.38436E-01  4.11484E-01  2.26972E-01  6.38456E-01
 4.03660E+01  2.07950E+04  4.03672E+01  2.07960E+04  4.13156E-01  2.28633E-01  6.41789E-01  4.13166E-01  2.28643E-01  6.41809E-01
 4.05767E+01  2.09630E+04  4.05780E+01  2.09640E+04  4.14831E-01  2.30298E-01  6.45129E-01  4.14841E-01  2.30308E-01  6.45149E-01
 4.07866E+01  2.11310E+04  4.07878E+01  2.11320E+04  4.16500E-01  2.31956E-01  6.48455E-01  4.16510E-01  2.31965E-01  6.48475E-01
 4.09956E+01  2.12990E+04  4.09969E+01  2.13000E+04  4.18162E-01  2.33607E-01  6.51768E-01  4.18171E-01  2.33617E-01  6.51788E-01
 4.12039E+01  2.14670E+04  4.12051E+01  2.14680E+04  4.19817E-01  2.35252E-01  6.55069E-01  4.19827E-01  2.35261E-01  6.55088E-01
 4.14113E+01  2.16350E+04  4.14125E+01  2.16360E+04  4.21466E-01  2.36890E-01  6.58356E-01  4.21476E-01  2.36900E-01  6.58375E-01
 4.16179E+01  2.18030E+04  4.16192E+01  2.18040E+04  4.23108E-01  2.38522E-01  6.61630E-01  4.23118E-01  2.38531E-01  6.61650E-01
 4.18238E+01  2.19710E+04  4.18250E+01  2.19720E+04  4.24745E-01  2.40147E-01  6.64892E-01  4.24755E-01  2.40157E-01  6.64911E-01
 4.20288E+01  2.21390E+04  4.20301E+01  2.21400E+04  4.26375E-01  2.41766E-01  6.68141E-01  4.26385E-01  2.41776E-01  6.68161E-01
 4.22331E+01  2.23070E+04  4.22344E+01  2.23080E+04  4.27999E-01  2.43380E-01  6.71378E-01  4.28009E-01  2.43389E-01  6.71398E-01
 4.24367E+01  2.24750E+04  4.24379E+01  2.24760E+04  4.29617E-01  2.44986E-01  6.74603E-01  4.29626E-01  2.44996E-01  6.74622E-01
 4.26394E+01  2.26430E+04  4.26406E+01  2.26440E+04  4.31229E-01  2.46587E-01  6.77816E-01  4.31238E-01  2.46597E-01  6.77835E-01
 4.28415E+01  2.28110E+04  4.28427E+01  2.28120E+04  4.32835E-01  2.48182E-01  6.81017E-01  4.32844E-01  2.48192E-01  6.81036E-01
 1.07132E+02  2.29790E+04  3.86910E+01  2.30790E+04  1.34284E+00  1.19561E-01  1.46241E+00  0.00000E+00  0.00000E+00  0.00000E+00
 3.88956E+01  2.32500E+04  3.88968E+01  2.32510E+04  4.37370E-01  1.81186E-01  6.18556E-01  4.37379E-01  1.81195E-01  6.18575E-01
 3.90947E+01  2.34180E+04  3.90959E+01  2.34190E+04  4.38952E-01  1.82760E-01  6.21712E-01  4.38962E-01  1.82770E-01  6.21731E-01
 3.92931E+01  2.35860E+04  3.92943E+01  2.35870E+04  4.40529E-01  1.84329E-01  6.24858E-01  4.40538E-01  1.84339E-01  6.24877E-01
 3.94908E+01  2.37540E+04  3.94920E+01  2.37550E+04  4.42100E-01  1.85893E-01  6.27992E-01  4.42109E-01  1.85902E-01  6.28011E-01
 3.96879E+01  2.39220E+04  3.96890E+01  2.39230E+04  4.43665E-01  1.87450E-01  6.31115E-01  4.43674E-01  1.87460E-01  6.31134E-01
 3.98842E+01  2.40900E+04  3.98854E+01  2.40910E+04  4.45225E-01  1.89002E-01  6.34227E-01  4.45234E-01  1.89012E-01  6.34246E-01
 4.00799E+01  2.42580E+04  4.00810E+01  2.42590E+04  4.46780E-01  1.90549E-01  6.37329E-01  4.46789E-01  1.90558E-01  6.37347E-01
 4.02749E+01  2.44260E+04  4.02760E+01  2.44270E+04  4.48329E-01  1.92091E-01  6.40419E-01  4.48338E-01  1.92100E-01  6.40438E-01
 4.04692E+01  2.45940E+04  4.04704E+01  2.45950E+04  4.49873E-01  1.93627E-01  6.43500E-01  4.49882E-01  1.93636E-01  6.43518E-01
 4.06629E+01  2.47620E+04  4.06640E+01  2.47630E+04  4.51412E-01  1.95157E-01  6.46569E-01  4.51421E-01  1.95166E-01  6.46587E-01
 4.08559E+01  2.49300E+04  4.08571E+01  2.49310E+04  4.52945E-01  1.96683E-01  6.49628E-01  4.52955E-01  1.96692E-01  6.49647E-01
 4.10483E+01  2.50980E+04  4.10494E+01  2.50990E+04  4.54474E-01  1.98203E-01  6.52677E-01  4.54483E-01  1.98212E-01  6.52695E-01
 4.12400E+01  2.52660E+04  4.12412E+01  2.52670E+04  4.55997E-01  1.99718E-01  6.55716E-01  4.56007E-01  1.99727E-01  6.55734E-01
 4.14312E+01  2.54340E+04  4.14323E+01  2.54350E+04  4.57516E-01  2.01229E-01  6.58745E-01  4.57525E-01  2.01238E-01  6.58763E-01
