#energy_armitt_areaex ih length en_m aX_m1 en_m aX_m2 en_m aX_m3 en_m aX_m4 en_m aX_m5 en_m aX_m6 en_m aX_m7 en_m aX_m8 en_m aX_m9 en_m aX_m10 en_t aX_t1 en_t aX_t2 en_t aX_t3 en_t aX_t4 en_t aX_t5 en_t aX_t6 en_t aX_t7 en_t aX_t8 en_t aX_t9 en_t aX_t10
energy_armitt_areaex  1  0.000000E+00  2.853331E+00  0.000000E+00  2.980400E+00  0.000000E+00  3.448652E+00  1.846563E-03  4.035113E+00  2.630694E-02  4.414987E+00  4.782526E-02  4.666692E+00  9.381563E-02  4.626265E+00  1.442221E-01  4.240648E+00  1.773900E-01  3.602026E+00  1.651335E-01  2.924073E+00  1.342343E-01  7.072897E+00  0.000000E+00  7.387751E+00  0.000000E+00  8.547887E+00  1.846563E-03  1.001008E+01  2.630694E-02  1.110843E+01  4.782526E-02  1.205259E+01  9.381563E-02  1.264704E+01  1.442221E-01  1.285173E+01  1.773900E-01  1.280130E+01  1.651335E-01  1.264474E+01  1.342343E-01
energy_armitt_areaex  2  2.054000E+00  3.073222E+00  0.000000E+00  3.207962E+00  0.000000E+00  3.705204E+00  1.559408E-02  4.278035E+00  4.127149E-02  4.616833E+00  9.305451E-02  4.663823E+00  1.792182E-01  4.160224E+00  2.105021E-01  3.359471E+00  1.802814E-01  2.655594E+00  1.664216E-01  1.919641E+00  1.339934E-01  7.772355E+00  0.000000E+00  8.112927E+00  0.000000E+00  9.369609E+00  1.559408E-02  1.090549E+01  4.127149E-02  1.203544E+01  9.305451E-02  1.284593E+01  1.792182E-01  1.304352E+01  2.105021E-01  1.289459E+01  1.802814E-01  1.283866E+01  1.664216E-01  1.267725E+01  1.339934E-01
energy_armitt_areaex  3  4.107000E+00  3.282493E+00  6.770517E-04  3.424223E+00  6.854965E-03  3.932012E+00  2.939223E-02  4.489496E+00  8.247208E-02  4.660447E+00  1.828295E-01  4.244322E+00  2.545587E-01  3.274602E+00  2.156720E-01  2.386606E+00  1.812808E-01  1.627471E+00  1.688092E-01  1.366657E+00  2.308490E-01  8.477966E+00  6.770517E-04  8.847278E+00  6.854965E-03  1.019484E+01  2.939223E-02  1.181739E+01  8.247208E-02  1.286378E+01  1.828295E-01  1.329335E+01  2.545587E-01  1.310015E+01  2.156720E-01  1.293227E+01  1.812808E-01  1.288889E+01  1.688092E-01  1.326005E+01  2.308490E-01
energy_armitt_areaex  4  6.161000E+00  3.505123E+00  1.366437E-02  3.610939E+00  1.963492E-02  4.106522E+00  4.431953E-02  4.638911E+00  1.633639E-01  4.420662E+00  3.330977E-01  3.142530E+00  2.257543E-01  2.282397E+00  2.198052E-01  1.376247E+00  1.946360E-01  1.387037E+00  4.415151E-01  9.398099E-01  4.594985E-01  9.254245E+00  1.366437E-02  9.612030E+00  1.963492E-02  1.103699E+01  4.431953E-02  1.274820E+01  1.633639E-01  1.350001E+01  3.330977E-01  1.316030E+01  2.257543E-01  1.315750E+01  2.198052E-01  1.304729E+01  1.946360E-01  1.384529E+01  4.415151E-01  1.409884E+01  4.594985E-01
energy_armitt_areaex  5  8.214000E+00  3.744830E+00  2.808653E-02  3.803546E+00  3.370062E-02  4.277103E+00  8.914572E-02  4.642213E+00  4.014186E-01  3.148496E+00  2.348130E-01  2.364316E+00  2.783209E-01  1.356843E+00  2.557034E-01  1.349231E+00  4.703975E-01  9.327547E-01  4.868781E-01  7.356944E-01  4.985751E-01  1.011629E+01  2.808653E-02  1.045391E+01  3.370062E-02  1.195578E+01  8.914572E-02  1.362585E+01  4.014186E-01  1.320953E+01  2.348130E-01  1.345998E+01  2.783209E-01  1.340126E+01  2.557034E-01  1.426923E+01  4.703975E-01  1.472734E+01  4.868781E-01  1.530453E+01  4.985751E-01
energy_armitt_areaex  6  1.026800E+01  4.020279E+00  4.859495E-02  3.998661E+00  6.238362E-02  4.379496E+00  1.931755E-01  4.259680E+00  4.741316E-01  2.244854E+00  2.656710E-01  1.384400E+00  3.801580E-01  1.221284E+00  4.833576E-01  9.371101E-01  4.980521E-01  8.284631E-01  5.081372E-01  7.492354E-01  5.116861E-01  1.112209E+01  4.859495E-02  1.140790E+01  6.238362E-02  1.292241E+01  1.931755E-01  1.424380E+01  4.741316E-01  1.342002E+01  2.656710E-01  1.370180E+01  3.801580E-01  1.458226E+01  4.833576E-01  1.526847E+01  4.980521E-01  1.612543E+01  5.081372E-01  1.690260E+01  5.116861E-01
energy_armitt_areaex  7  1.106200E+01  4.121696E+00  6.764202E-02  4.020947E+00  7.810148E-02  4.343716E+00  2.468657E-01  3.953875E+00  4.779571E-01  1.865814E+00  2.876383E-01  1.338295E+00  4.654023E-01  1.122947E+00  4.932355E-01  8.923183E-01  5.066800E-01  8.335619E-01  5.110082E-01  7.666955E-01  5.147772E-01  1.151150E+01  6.764202E-02  1.173097E+01  7.810148E-02  1.323357E+01  2.468657E-01  1.434393E+01  4.779571E-01  1.349495E+01  2.876383E-01  1.415412E+01  4.654023E-01  1.502525E+01  4.932355E-01  1.580427E+01  5.066800E-01  1.675031E+01  5.110082E-01  1.757491E+01  5.147772E-01
energy_armitt_areaex  8  1.311600E+01  4.017136E+00  5.895969E-02  3.953628E+00  7.108687E-02  4.296342E+00  2.229287E-01  4.031409E+00  4.767642E-01  2.004518E+00  2.982233E-01  1.290006E+00  4.510508E-01  1.105085E+00  4.897498E-01  8.821511E-01  5.054593E-01  8.147238E-01  5.101047E-01  7.466092E-01  5.138115E-01  1.133389E+01  5.895969E-02  1.158665E+01  7.108687E-02  1.309466E+01  2.229287E-01  1.431108E+01  4.767642E-01  1.350914E+01  2.982233E-01  1.396823E+01  4.510508E-01  1.485592E+01  4.897498E-01  1.562960E+01  5.054593E-01  1.655365E+01  5.101047E-01  1.736481E+01  5.138115E-01
energy_armitt_areaex  9  1.516900E+01  4.227392E+00  1.003349E-01  3.985552E+00  1.049248E-01  4.196833E+00  4.440907E-01  2.791406E+00  4.561496E-01  1.228608E+00  3.941525E-01  1.225175E+00  4.928861E-01  1.038599E+00  5.075325E-01  8.776915E-01  5.117294E-01  8.511527E-01  5.165482E-01  7.823589E-01  5.203180E-01  1.217977E+01  1.003349E-01  1.228250E+01  1.049248E-01  1.376070E+01  4.440907E-01  1.396887E+01  4.561496E-01  1.373340E+01  3.941525E-01  1.500099E+01  4.928861E-01  1.598089E+01  5.075325E-01  1.690335E+01  5.117294E-01  1.795485E+01  5.165482E-01  1.884243E+01  5.203180E-01
energy_armitt_areaex 10  1.722300E+01  4.445638E+00  2.234429E-01  3.643576E+00  1.455082E-01  3.676892E+00  4.664453E-01  2.078572E+00  4.702784E-01  1.253874E+00  4.896139E-01  1.120272E+00  5.080491E-01  1.000323E+00  5.132876E-01  9.196064E-01  5.182999E-01  8.915098E-01  5.227302E-01  8.194226E-01  5.263627E-01  1.308659E+01  2.234429E-01  1.266151E+01  1.455082E-01  1.407127E+01  4.664453E-01  1.422590E+01  4.702784E-01  1.483889E+01  4.896139E-01  1.608784E+01  5.080491E-01  1.723535E+01  5.132876E-01  1.833175E+01  5.182999E-01  1.947577E+01  5.227302E-01  2.044354E+01  5.263627E-01
energy_armitt_areaex 11  1.927600E+01  4.671090E+00  4.673611E-01  2.688242E+00  1.128891E-01  2.881307E+00  4.695914E-01  1.416784E+00  4.851093E-01  1.290443E+00  5.078808E-01  1.132091E+00  5.140130E-01  1.045142E+00  5.197493E-01  9.621983E-01  5.242404E-01  9.333636E-01  5.289253E-01  8.574841E-01  5.328821E-01  1.405559E+01  4.673611E-01  1.248796E+01  1.128891E-01  1.417325E+01  4.695914E-01  1.461032E+01  4.851093E-01  1.604090E+01  5.078808E-01  1.738507E+01  5.140130E-01  1.867513E+01  5.197493E-01  1.987136E+01  5.242404E-01  2.111625E+01  5.289253E-01  2.217043E+01  5.328821E-01
energy_armitt_areaex 12  2.133000E+01  4.907077E+00  4.980154E-01  2.673397E+00  2.524401E-01  2.160892E+00  4.788878E-01  1.449814E+00  5.066862E-01  1.310410E+00  5.137739E-01  1.177792E+00  5.203307E-01  1.093273E+00  5.256301E-01  1.006898E+00  5.305217E-01  9.766865E-01  5.356138E-01  8.967342E-01  5.399204E-01  1.509411E+01  4.980154E-01  1.331248E+01  2.524401E-01  1.442235E+01  4.788878E-01  1.577067E+01  5.066862E-01  1.732195E+01  5.137739E-01  1.882071E+01  5.203307E-01  2.023153E+01  5.256301E-01  2.153435E+01  5.305217E-01  2.288743E+01  5.356138E-01  2.403480E+01  5.399204E-01
energy_armitt_areaex 13  2.332200E+01  5.094291E+00  5.081822E-01  2.723474E+00  4.635577E-01  1.068342E+00  4.635891E-01  1.474534E+00  5.110836E-01  1.364633E+00  5.188174E-01  1.218380E+00  5.248179E-01  1.131239E+00  5.304726E-01  1.041609E+00  5.356906E-01  1.010272E+00  5.411159E-01  9.270566E-01  5.457087E-01  1.594537E+01  5.081822E-01  1.405681E+01  4.635577E-01  1.413417E+01  4.635891E-01  1.672569E+01  5.110836E-01  1.841637E+01  5.188174E-01  2.000774E+01  5.248179E-01  2.151310E+01  5.304726E-01  2.290283E+01  5.356906E-01  2.434444E+01  5.411159E-01  2.556805E+01  5.457087E-01
energy_armitt_areaex 14  2.531300E+01  5.371274E+00  5.134760E-01  2.842803E+00  4.961611E-01  9.668610E-01  4.942082E-01  1.513984E+00  5.168372E-01  1.411032E+00  5.241407E-01  1.279999E+00  5.306885E-01  1.187865E+00  5.368007E-01  1.093458E+00  5.424431E-01  1.060506E+00  5.483038E-01  9.724879E-01  5.532695E-01  1.708275E+01  5.134760E-01  1.507559E+01  4.961611E-01  1.507057E+01  4.942082E-01  1.797548E+01  5.168372E-01  1.981614E+01  5.241407E-01  2.156077E+01  5.306885E-01  2.318790E+01  5.368007E-01  2.469065E+01  5.424431E-01  2.624795E+01  5.483038E-01  2.757089E+01  5.532695E-01
energy_armitt_areaex 15  2.730500E+01  5.686249E+00  5.192069E-01  2.976565E+00  5.089066E-01  1.020324E+00  5.087593E-01  1.587243E+00  5.224322E-01  1.487399E+00  5.299412E-01  1.349687E+00  5.370226E-01  1.251909E+00  5.436260E-01  1.152074E+00  5.497241E-01  1.117287E+00  5.560531E-01  1.023789E+00  5.614189E-01  1.832375E+01  5.192069E-01  1.617759E+01  5.089066E-01  1.624065E+01  5.087593E-01  1.935199E+01  5.224322E-01  2.134974E+01  5.299412E-01  2.323644E+01  5.370226E-01  2.499434E+01  5.436260E-01  2.661844E+01  5.497241E-01  2.830014E+01  5.560531E-01  2.972970E+01  5.614189E-01
energy_armitt_areaex 16  2.929600E+01  6.157751E+00  5.257051E-01  3.182345E+00  5.158119E-01  1.102859E+00  5.159800E-01  1.712350E+00  5.294754E-01  1.603075E+00  5.377294E-01  1.455131E+00  5.455278E-01  1.349138E+00  5.527953E-01  1.241342E+00  5.595108E-01  1.204041E+00  5.664777E-01  1.102379E+00  5.723875E-01  2.002407E+01  5.257051E-01  1.766971E+01  5.158119E-01  1.780867E+01  5.159800E-01  2.121293E+01  5.294754E-01  2.340897E+01  5.377294E-01  2.548661E+01  5.455278E-01  2.742128E+01  5.527953E-01  2.920977E+01  5.595108E-01  3.106096E+01  5.664777E-01  3.263547E+01  5.723875E-01
energy_armitt_areaex 17  3.128800E+01  6.505434E+00  5.305051E-01  3.330384E+00  5.205548E-01  1.163660E+00  5.208947E-01  1.803903E+00  5.346639E-01  1.686797E+00  5.434574E-01  1.531190E+00  5.517763E-01  1.418940E+00  5.595242E-01  1.305181E+00  5.666858E-01  1.265882E+00  5.741126E-01  1.158118E+00  5.804137E-01  2.128001E+01  5.305051E-01  1.876789E+01  5.205548E-01  1.896555E+01  5.208947E-01  2.258382E+01  5.346639E-01  2.492348E+01  5.434574E-01  2.713975E+01  5.517763E-01  2.920234E+01  5.595242E-01  3.110960E+01  5.666858E-01  3.308301E+01  5.741126E-01  3.476175E+01  5.804137E-01
energy_armitt_areaex 18  3.217200E+01  6.673726E+00  5.327717E-01  3.401220E+00  5.225124E-01  1.193135E+00  5.229450E-01  1.848373E+00  5.370971E-01  1.727168E+00  5.461415E-01  1.567871E+00  5.547035E-01  1.452587E+00  5.626760E-01  1.335944E+00  5.700460E-01  1.295680E+00  5.776881E-01  1.184955E+00  5.841719E-01  2.187308E+01  5.327717E-01  1.928316E+01  5.225124E-01  1.950773E+01  5.229450E-01  2.322673E+01  5.370971E-01  2.563318E+01  5.461415E-01  2.791421E+01  5.547035E-01  3.003658E+01  5.626760E-01  3.199935E+01  5.700460E-01  3.402995E+01  5.776881E-01  3.575740E+01  5.841719E-01
energy_armitt_areaex 19  3.416400E+01  6.260353E+00  5.283161E-01  3.220919E+00  5.188038E-01  1.121098E+00  5.192350E-01  1.737199E+00  5.326289E-01  1.624461E+00  5.411989E-01  1.473776E+00  5.492971E-01  1.365323E+00  5.568329E-01  1.255436E+00  5.637931E-01  1.217089E+00  5.710022E-01  1.113387E+00  5.771182E-01  2.070690E+01  5.283161E-01  1.831594E+01  5.188038E-01  1.852649E+01  5.192350E-01  2.204593E+01  5.326289E-01  2.432609E+01  5.411989E-01  2.648361E+01  5.492971E-01  2.848978E+01  5.568329E-01  3.034345E+01  5.637931E-01  3.225902E+01  5.710022E-01  3.388851E+01  5.771182E-01
energy_armitt_areaex 20  3.615500E+01  6.528410E+00  5.319420E-01  3.335027E+00  5.219788E-01  1.168181E+00  5.225200E-01  1.808187E+00  5.365244E-01  1.688916E+00  5.454935E-01  1.532276E+00  5.539778E-01  1.418957E+00  5.618697E-01  1.304443E+00  5.691599E-01  1.264519E+00  5.767093E-01  1.156101E+00  5.831141E-01  2.165560E+01  5.319420E-01  1.914235E+01  5.219788E-01  1.939520E+01  5.225200E-01  2.307519E+01  5.365244E-01  2.546162E+01  5.454935E-01  2.772198E+01  5.539778E-01  2.982293E+01  5.618697E-01  3.176449E+01  5.691599E-01  3.377050E+01  5.767093E-01  3.547694E+01  5.831141E-01
energy_armitt_areaex 21  3.814700E+01  6.816554E+00  5.357452E-01  3.456166E+00  5.252502E-01  1.218755E+00  5.259389E-01  1.884303E+00  5.405800E-01  1.757907E+00  5.499622E-01  1.594894E+00  5.588467E-01  1.476330E+00  5.671075E-01  1.356847E+00  5.747399E-01  1.315231E+00  5.826424E-01  1.201728E+00  5.893463E-01  2.265067E+01  5.357452E-01  2.000343E+01  5.252502E-01  2.029931E+01  5.259389E-01  2.414671E+01  5.405800E-01  2.664319E+01  5.499622E-01  2.901015E+01  5.588467E-01  3.120935E+01  5.671075E-01  3.324202E+01  5.747399E-01  3.534187E+01  5.826424E-01  3.712801E+01  5.893463E-01
energy_armitt_areaex 22  4.013800E+01  7.125711E+00  5.397283E-01  3.584400E+00  5.286524E-01  1.272961E+00  5.294913E-01  1.965750E+00  5.447953E-01  1.831596E+00  5.546044E-01  1.661776E+00  5.639032E-01  1.537571E+00  5.725458E-01  1.412761E+00  5.805321E-01  1.369330E+00  5.888006E-01  1.250355E+00  5.958137E-01  2.369285E+01  5.397283E-01  2.089907E+01  5.286524E-01  2.123875E+01  5.294913E-01  2.526048E+01  5.447953E-01  2.787068E+01  5.546044E-01  3.034798E+01  5.639032E-01  3.264883E+01  5.725458E-01  3.477578E+01  5.805321E-01  3.697285E+01  5.888006E-01  3.884142E+01  5.958137E-01
energy_armitt_areaex 23  4.213000E+01  7.457454E+00  5.439023E-01  3.720015E+00  5.321917E-01  1.331067E+00  5.331841E-01  2.052900E+00  5.491785E-01  1.910291E+00  5.594289E-01  1.733203E+00  5.691566E-01  1.602926E+00  5.781942E-01  1.472405E+00  5.865469E-01  1.427031E+00  5.951946E-01  1.302164E+00  6.012837E-01  2.478495E+01  5.439023E-01  2.183088E+01  5.321917E-01  2.221531E+01  5.331841E-01  2.641864E+01  5.491785E-01  2.914639E+01  5.594289E-01  3.173792E+01  5.691566E-01  3.414397E+01  5.781942E-01  3.636851E+01  5.865469E-01  3.866634E+01  5.951946E-01  4.062018E+01  6.012837E-01
