 d_f t_f d_p t_p eh1_ave_f eh2_ave_f eh1_ave_p eh2_ave_p eh1_max_f eh2_max_f eh1_max_p eh2_max_p eh1_min_f eh2_min_f eh1_min_p eh2_min_p
 3.15268E+00  1.47000E+02  3.16339E+00  1.48000E+02  5.82385E-01  5.84951E-01  5.82386E-01  5.84955E-01  5.82438E-01  5.85005E-01  5.82441E-01  5.85010E-01  5.82331E-01  5.84898E-01  5.82331E-01  5.84900E-01
 4.61505E+00  3.15000E+02  4.62237E+00  3.16000E+02  5.82373E-01  5.84990E-01  5.82374E-01  5.84992E-01  5.82452E-01  5.85068E-01  5.82454E-01  5.85072E-01  5.82295E-01  5.84911E-01  5.82294E-01  5.84913E-01
 6.44291E+00  4.83000E+02  6.45290E+00  4.84000E+02  5.82359E-01  5.85038E-01  5.82360E-01  5.85041E-01  5.82469E-01  5.85148E-01  5.82472E-01  5.85153E-01  5.82249E-01  5.84928E-01  5.82249E-01  5.84930E-01
 7.94608E+00  6.51000E+02  7.95418E+00  6.52000E+02  5.82348E-01  5.85077E-01  5.82349E-01  5.85080E-01  5.82483E-01  5.85213E-01  5.82485E-01  5.85217E-01  5.82212E-01  5.84942E-01  5.82212E-01  5.84944E-01
 9.20756E+00  8.19000E+02  9.21455E+00  8.20000E+02  5.82338E-01  5.85111E-01  5.82339E-01  5.85113E-01  5.82495E-01  5.85267E-01  5.82497E-01  5.85271E-01  5.82181E-01  5.84954E-01  5.82181E-01  5.84955E-01
 1.03163E+01  9.87000E+02  1.03226E+01  9.88000E+02  5.82330E-01  5.85140E-01  5.82330E-01  5.85142E-01  5.82506E-01  5.85315E-01  5.82507E-01  5.85318E-01  5.82153E-01  5.84964E-01  5.82153E-01  5.84965E-01
 1.13173E+01  1.15500E+03  1.13230E+01  1.15600E+03  5.82322E-01  5.85166E-01  5.82322E-01  5.85168E-01  5.82515E-01  5.85359E-01  5.82517E-01  5.85361E-01  5.82129E-01  5.84974E-01  5.82128E-01  5.84975E-01
 1.22369E+01  1.32300E+03  1.22422E+01  1.32400E+03  5.82315E-01  5.85190E-01  5.82315E-01  5.85192E-01  5.82524E-01  5.85398E-01  5.82525E-01  5.85401E-01  5.82106E-01  5.84982E-01  5.82106E-01  5.84983E-01
 1.30923E+01  1.49100E+03  1.30973E+01  1.49200E+03  5.82308E-01  5.85213E-01  5.82309E-01  5.85214E-01  5.82532E-01  5.85435E-01  5.82533E-01  5.85438E-01  5.82085E-01  5.84990E-01  5.82084E-01  5.84991E-01
 1.38954E+01  1.65900E+03  1.39000E+01  1.66000E+03  5.82302E-01  5.85234E-01  5.82303E-01  5.85235E-01  5.82539E-01  5.85470E-01  5.82541E-01  5.85473E-01  5.82065E-01  5.84997E-01  5.82065E-01  5.84998E-01
 1.46547E+01  1.82700E+03  1.46591E+01  1.82800E+03  5.82296E-01  5.85254E-01  5.82297E-01  5.85255E-01  5.82547E-01  5.85503E-01  5.82548E-01  5.85505E-01  5.82046E-01  5.85005E-01  5.82046E-01  5.85005E-01
 1.53767E+01  1.99500E+03  1.53809E+01  1.99600E+03  5.82291E-01  5.85273E-01  5.82291E-01  5.85274E-01  5.82553E-01  5.85534E-01  5.82554E-01  5.85536E-01  5.82028E-01  5.85011E-01  5.82028E-01  5.85012E-01
 1.60665E+01  2.16300E+03  1.60705E+01  2.16400E+03  5.82285E-01  5.85291E-01  5.82286E-01  5.85292E-01  5.82560E-01  5.85564E-01  5.82561E-01  5.85566E-01  5.82011E-01  5.85018E-01  5.82011E-01  5.85018E-01
 1.67279E+01  2.33100E+03  1.67318E+01  2.33200E+03  5.82280E-01  5.85308E-01  5.82281E-01  5.85310E-01  5.82566E-01  5.85593E-01  5.82567E-01  5.85595E-01  5.81994E-01  5.85024E-01  5.81994E-01  5.85025E-01
 1.73643E+01  2.49900E+03  1.73681E+01  2.50000E+03  5.82275E-01  5.85325E-01  5.82276E-01  5.85326E-01  5.82572E-01  5.85620E-01  5.82573E-01  5.85622E-01  5.81979E-01  5.85030E-01  5.81979E-01  5.85030E-01
 1.79784E+01  2.66700E+03  1.79820E+01  2.66800E+03  5.82271E-01  5.85341E-01  5.82271E-01  5.85342E-01  5.82578E-01  5.85647E-01  5.82579E-01  5.85649E-01  5.81963E-01  5.85035E-01  5.81963E-01  5.85036E-01
 1.85722E+01  2.83500E+03  1.85757E+01  2.83600E+03  5.82266E-01  5.85357E-01  5.82266E-01  5.85358E-01  5.82583E-01  5.85673E-01  5.82584E-01  5.85674E-01  5.81949E-01  5.85041E-01  5.81949E-01  5.85042E-01
 1.91477E+01  3.00300E+03  1.91511E+01  3.00400E+03  5.82261E-01  5.85372E-01  5.82262E-01  5.85373E-01  5.82589E-01  5.85697E-01  5.82590E-01  5.85699E-01  5.81934E-01  5.85046E-01  5.81934E-01  5.85047E-01
 1.97066E+01  3.17100E+03  1.97098E+01  3.17200E+03  5.82257E-01  5.85386E-01  5.82258E-01  5.85388E-01  5.82594E-01  5.85722E-01  5.82595E-01  5.85723E-01  5.81920E-01  5.85051E-01  5.81920E-01  5.85052E-01
 2.02501E+01  3.33900E+03  2.02533E+01  3.34000E+03  5.82253E-01  5.85401E-01  5.82253E-01  5.85402E-01  5.82599E-01  5.85745E-01  5.82600E-01  5.85747E-01  5.81907E-01  5.85057E-01  5.81907E-01  5.85057E-01
 2.07794E+01  3.50700E+03  2.07826E+01  3.50800E+03  5.82249E-01  5.85415E-01  5.82249E-01  5.85416E-01  5.82604E-01  5.85768E-01  5.82605E-01  5.85770E-01  5.81894E-01  5.85061E-01  5.81894E-01  5.85062E-01
 2.12958E+01  3.67500E+03  2.12988E+01  3.67600E+03  5.82245E-01  5.85428E-01  5.82245E-01  5.85429E-01  5.82609E-01  5.85790E-01  5.82610E-01  5.85792E-01  5.81881E-01  5.85066E-01  5.81881E-01  5.85067E-01
 2.17999E+01  3.84300E+03  2.18029E+01  3.84400E+03  5.82241E-01  5.85441E-01  5.82241E-01  5.85442E-01  5.82614E-01  5.85812E-01  5.82614E-01  5.85814E-01  5.81868E-01  5.85071E-01  5.81868E-01  5.85071E-01
 2.22928E+01  4.01100E+03  2.22957E+01  4.01200E+03  5.82237E-01  5.85454E-01  5.82238E-01  5.85455E-01  5.82618E-01  5.85833E-01  5.82619E-01  5.85835E-01  5.81856E-01  5.85075E-01  5.81856E-01  5.85076E-01
 2.27750E+01  4.17900E+03  2.27778E+01  4.18000E+03  5.82233E-01  5.85467E-01  5.82234E-01  5.85468E-01  5.82623E-01  5.85854E-01  5.82624E-01  5.85856E-01  5.81844E-01  5.85080E-01  5.81844E-01  5.85080E-01
 2.32473E+01  4.34700E+03  2.32501E+01  4.34800E+03  5.82230E-01  5.85479E-01  5.82230E-01  5.85480E-01  5.82627E-01  5.85875E-01  5.82628E-01  5.85876E-01  5.81833E-01  5.85084E-01  5.81832E-01  5.85085E-01
 2.37103E+01  4.51500E+03  2.37130E+01  4.51600E+03  5.82226E-01  5.85492E-01  5.82227E-01  5.85492E-01  5.82632E-01  5.85895E-01  5.82632E-01  5.85896E-01  5.81821E-01  5.85089E-01  5.81821E-01  5.85089E-01
 2.41645E+01  4.68300E+03  2.41671E+01  4.68400E+03  5.82223E-01  5.85503E-01  5.82223E-01  5.85504E-01  5.82636E-01  5.85914E-01  5.82637E-01  5.85916E-01  5.81810E-01  5.85093E-01  5.81810E-01  5.85093E-01
 2.46103E+01  4.85100E+03  2.46129E+01  4.85200E+03  5.82219E-01  5.85515E-01  5.82220E-01  5.85516E-01  5.82640E-01  5.85934E-01  5.82641E-01  5.85935E-01  5.81799E-01  5.85097E-01  5.81799E-01  5.85097E-01
 9.15761E+01  5.01900E+03  2.53054E+01  5.11900E+03  5.00372E-01  5.05745E-01  5.00372E-01  5.05745E-01  5.02103E-01  5.07480E-01  5.02103E-01  5.07480E-01  4.98646E-01  5.04016E-01  4.98646E-01  5.04016E-01
 9.15761E+01  5.01900E+03  2.53054E+01  5.11900E+03  5.00372E-01  5.05745E-01 -2.72754E+00 -1.79749E+00  5.02103E-01  5.07480E-01 -2.71620E+00 -1.78845E+00  4.98646E-01  5.04016E-01 -2.73891E+00 -1.80656E+00
 2.57417E+01  5.29000E+03  2.57442E+01  5.29100E+03  5.82211E-01  5.85545E-01  5.82211E-01  5.85546E-01  5.82651E-01  5.85982E-01  5.82651E-01  5.85984E-01  5.81771E-01  5.85108E-01  5.81771E-01  5.85108E-01
 7.06896E+01  5.45800E+03  2.64073E+01  5.55800E+03  5.01078E-01  5.05667E-01  5.01078E-01  5.05667E-01  5.02888E-01  5.06533E-01  5.02888E-01  5.06533E-01  4.99273E-01  5.04803E-01  4.99273E-01  5.04803E-01
 7.06896E+01  5.45800E+03  2.64073E+01  5.55800E+03  5.01078E-01  5.05667E-01 -2.73112E+00 -1.79725E+00  5.02888E-01  5.06533E-01 -2.71927E+00 -1.79273E+00  4.99273E-01  5.04803E-01 -2.74301E+00 -1.80177E+00
 2.68258E+01  5.72900E+03  2.68282E+01  5.73000E+03  5.82202E-01  5.85573E-01  5.82202E-01  5.85574E-01  5.82661E-01  5.86029E-01  5.82662E-01  5.86031E-01  5.81744E-01  5.85118E-01  5.81744E-01  5.85118E-01
 2.72284E+01  5.89700E+03  2.72308E+01  5.89800E+03  5.82199E-01  5.85584E-01  5.82199E-01  5.85585E-01  5.82665E-01  5.86047E-01  5.82665E-01  5.86048E-01  5.81734E-01  5.85121E-01  5.81734E-01  5.85122E-01
 2.76253E+01  6.06500E+03  2.76276E+01  6.06600E+03  5.82196E-01  5.85594E-01  5.82196E-01  5.85595E-01  5.82668E-01  5.86064E-01  5.82669E-01  5.86065E-01  5.81724E-01  5.85125E-01  5.81724E-01  5.85125E-01
 2.80165E+01  6.23300E+03  2.80188E+01  6.23400E+03  5.82193E-01  5.85605E-01  5.82193E-01  5.85605E-01  5.82672E-01  5.86081E-01  5.82673E-01  5.86082E-01  5.81714E-01  5.85129E-01  5.81714E-01  5.85129E-01
 2.84024E+01  6.40100E+03  2.84047E+01  6.40200E+03  5.82190E-01  5.85615E-01  5.82190E-01  5.85615E-01  5.82676E-01  5.86097E-01  5.82676E-01  5.86099E-01  5.81704E-01  5.85132E-01  5.81704E-01  5.85133E-01
 2.87832E+01  6.56900E+03  2.87854E+01  6.57000E+03  5.82187E-01  5.85625E-01  5.82187E-01  5.85625E-01  5.82679E-01  5.86114E-01  5.82680E-01  5.86115E-01  5.81695E-01  5.85136E-01  5.81695E-01  5.85136E-01
 2.91590E+01  6.73700E+03  2.91612E+01  6.73800E+03  5.82184E-01  5.85634E-01  5.82184E-01  5.85635E-01  5.82683E-01  5.86130E-01  5.82683E-01  5.86131E-01  5.81686E-01  5.85139E-01  5.81686E-01  5.85140E-01
 2.95301E+01  6.90500E+03  2.95323E+01  6.90600E+03  5.82181E-01  5.85644E-01  5.82181E-01  5.85645E-01  5.82686E-01  5.86146E-01  5.82687E-01  5.86147E-01  5.81676E-01  5.85143E-01  5.81676E-01  5.85143E-01
 2.98967E+01  7.07300E+03  2.98988E+01  7.07400E+03  5.82178E-01  5.85654E-01  5.82179E-01  5.85655E-01  5.82690E-01  5.86162E-01  5.82690E-01  5.86163E-01  5.81667E-01  5.85146E-01  5.81667E-01  5.85146E-01
 6.33288E+01  7.24100E+03  3.04445E+01  7.34100E+03  5.01582E-01  5.05896E-01  5.01582E-01  5.05896E-01  5.03671E-01  5.06206E-01  5.03671E-01  5.06206E-01  4.99500E-01  5.05587E-01  4.99500E-01  5.05587E-01
 6.33288E+01  7.24100E+03  3.04445E+01  7.34100E+03  5.01582E-01  5.05896E-01 -2.73336E+00 -1.79852E+00  5.03671E-01  5.06206E-01 -2.71969E+00 -1.79690E+00  4.99500E-01  5.05587E-01 -2.74707E+00 -1.80013E+00
 3.08083E+01  7.51200E+03  3.08104E+01  7.51300E+03  5.82172E-01  5.85678E-01  5.82172E-01  5.85679E-01  5.82699E-01  5.86201E-01  5.82700E-01  5.86202E-01  5.81645E-01  5.85156E-01  5.81645E-01  5.85156E-01
 3.11597E+01  7.68000E+03  3.11617E+01  7.68100E+03  5.82169E-01  5.85687E-01  5.82169E-01  5.85688E-01  5.82703E-01  5.86217E-01  5.82703E-01  5.86218E-01  5.81636E-01  5.85159E-01  5.81636E-01  5.85159E-01
 3.15071E+01  7.84800E+03  3.15092E+01  7.84900E+03  5.82166E-01  5.85697E-01  5.82167E-01  5.85697E-01  5.82706E-01  5.86232E-01  5.82706E-01  5.86233E-01  5.81627E-01  5.85162E-01  5.81627E-01  5.85162E-01
 3.18508E+01  8.01600E+03  3.18528E+01  8.01700E+03  5.82164E-01  5.85706E-01  5.82164E-01  5.85706E-01  5.82709E-01  5.86246E-01  5.82710E-01  5.86247E-01  5.81619E-01  5.85165E-01  5.81619E-01  5.85166E-01
 3.21909E+01  8.18400E+03  3.21929E+01  8.18500E+03  5.82161E-01  5.85714E-01  5.82161E-01  5.85715E-01  5.82712E-01  5.86261E-01  5.82713E-01  5.86262E-01  5.81610E-01  5.85168E-01  5.81610E-01  5.85169E-01
 3.25274E+01  8.35200E+03  3.25294E+01  8.35300E+03  5.82158E-01  5.85723E-01  5.82159E-01  5.85724E-01  5.82715E-01  5.86276E-01  5.82716E-01  5.86277E-01  5.81602E-01  5.85171E-01  5.81602E-01  5.85172E-01
 3.28606E+01  8.52000E+03  3.28625E+01  8.52100E+03  5.82156E-01  5.85732E-01  5.82156E-01  5.85733E-01  5.82719E-01  5.86290E-01  5.82719E-01  5.86291E-01  5.81594E-01  5.85175E-01  5.81594E-01  5.85175E-01
 3.31904E+01  8.68800E+03  3.31924E+01  8.68900E+03  5.82153E-01  5.85741E-01  5.82154E-01  5.85741E-01  5.82722E-01  5.86304E-01  5.82722E-01  5.86305E-01  5.81585E-01  5.85178E-01  5.81585E-01  5.85178E-01
 3.35170E+01  8.85600E+03  3.35190E+01  8.85700E+03  5.82151E-01  5.85749E-01  5.82151E-01  5.85750E-01  5.82725E-01  5.86318E-01  5.82725E-01  5.86319E-01  5.81577E-01  5.85181E-01  5.81577E-01  5.85181E-01
 3.38405E+01  9.02400E+03  3.38425E+01  9.02500E+03  5.82148E-01  5.85758E-01  5.82148E-01  5.85758E-01  5.82728E-01  5.86332E-01  5.82728E-01  5.86333E-01  5.81569E-01  5.85184E-01  5.81569E-01  5.85184E-01
 3.41610E+01  9.19200E+03  3.41629E+01  9.19300E+03  5.82146E-01  5.85766E-01  5.82146E-01  5.85767E-01  5.82731E-01  5.86346E-01  5.82731E-01  5.86347E-01  5.81561E-01  5.85187E-01  5.81561E-01  5.85187E-01
 3.44786E+01  9.36000E+03  3.44804E+01  9.36100E+03  5.82143E-01  5.85774E-01  5.82143E-01  5.85775E-01  5.82734E-01  5.86360E-01  5.82734E-01  5.86361E-01  5.81553E-01  5.85190E-01  5.81553E-01  5.85190E-01
 3.47932E+01  9.52800E+03  3.47951E+01  9.52900E+03  5.82141E-01  5.85783E-01  5.82141E-01  5.85783E-01  5.82737E-01  5.86373E-01  5.82737E-01  5.86374E-01  5.81545E-01  5.85192E-01  5.81545E-01  5.85193E-01
 3.51051E+01  9.69600E+03  3.51070E+01  9.69700E+03  5.82138E-01  5.85791E-01  5.82139E-01  5.85791E-01  5.82740E-01  5.86387E-01  5.82740E-01  5.86388E-01  5.81538E-01  5.85195E-01  5.81538E-01  5.85196E-01
 7.69537E+01  9.86400E+03  3.51325E+01  9.96400E+03  5.01531E-01  5.06360E-01  5.01531E-01  5.06360E-01  5.03969E-01  5.06836E-01  5.03969E-01  5.06836E-01  4.99103E-01  5.05883E-01  4.99103E-01  5.05883E-01
 7.69537E+01  9.86400E+03  3.51325E+01  9.96400E+03  5.01531E-01  5.06360E-01 -2.73257E+00 -1.80085E+00  5.03969E-01  5.06836E-01 -2.71663E+00 -1.79836E+00  4.99103E-01  5.05883E-01 -2.74857E+00 -1.80334E+00
 3.54447E+01  1.01350E+04  3.54465E+01  1.01360E+04  5.82144E-01  5.85808E-01  5.82144E-01  5.85809E-01  5.82759E-01  5.86402E-01  5.82759E-01  5.86403E-01  5.81529E-01  5.85215E-01  5.81529E-01  5.85215E-01
 3.57470E+01  1.03030E+04  3.57488E+01  1.03040E+04  5.82142E-01  5.85816E-01  5.82142E-01  5.85817E-01  5.82762E-01  5.86415E-01  5.82762E-01  5.86416E-01  5.81522E-01  5.85218E-01  5.81522E-01  5.85218E-01
 3.60469E+01  1.04710E+04  3.60487E+01  1.04720E+04  5.82139E-01  5.85824E-01  5.82139E-01  5.85824E-01  5.82765E-01  5.86428E-01  5.82765E-01  5.86429E-01  5.81514E-01  5.85220E-01  5.81514E-01  5.85221E-01
 3.63444E+01  1.06390E+04  3.63461E+01  1.06400E+04  5.82137E-01  5.85832E-01  5.82137E-01  5.85832E-01  5.82767E-01  5.86441E-01  5.82768E-01  5.86441E-01  5.81507E-01  5.85223E-01  5.81507E-01  5.85223E-01
 3.66395E+01  1.08070E+04  3.66412E+01  1.08080E+04  5.82135E-01  5.85839E-01  5.82135E-01  5.85840E-01  5.82770E-01  5.86453E-01  5.82771E-01  5.86454E-01  5.81500E-01  5.85226E-01  5.81500E-01  5.85226E-01
 3.69323E+01  1.09750E+04  3.69340E+01  1.09760E+04  5.82132E-01  5.85847E-01  5.82133E-01  5.85848E-01  5.82773E-01  5.86466E-01  5.82773E-01  5.86467E-01  5.81492E-01  5.85228E-01  5.81492E-01  5.85229E-01
 3.72228E+01  1.11430E+04  3.72245E+01  1.11440E+04  5.82130E-01  5.85855E-01  5.82130E-01  5.85855E-01  5.82776E-01  5.86479E-01  5.82776E-01  5.86479E-01  5.81485E-01  5.85231E-01  5.81485E-01  5.85232E-01
 3.75112E+01  1.13110E+04  3.75129E+01  1.13120E+04  5.82128E-01  5.85862E-01  5.82128E-01  5.85863E-01  5.82778E-01  5.86491E-01  5.82779E-01  5.86492E-01  5.81478E-01  5.85234E-01  5.81478E-01  5.85234E-01
 3.77974E+01  1.14790E+04  3.77991E+01  1.14800E+04  5.82126E-01  5.85870E-01  5.82126E-01  5.85870E-01  5.82781E-01  5.86503E-01  5.82782E-01  5.86504E-01  5.81471E-01  5.85237E-01  5.81471E-01  5.85237E-01
 3.80815E+01  1.16470E+04  3.80832E+01  1.16480E+04  5.82123E-01  5.85877E-01  5.82124E-01  5.85878E-01  5.82784E-01  5.86516E-01  5.82784E-01  5.86516E-01  5.81464E-01  5.85239E-01  5.81464E-01  5.85239E-01
 3.83635E+01  1.18150E+04  3.83652E+01  1.18160E+04  5.82121E-01  5.85884E-01  5.82121E-01  5.85885E-01  5.82786E-01  5.86528E-01  5.82787E-01  5.86529E-01  5.81457E-01  5.85242E-01  5.81457E-01  5.85242E-01
 3.86436E+01  1.19830E+04  3.86452E+01  1.19840E+04  5.82119E-01  5.85892E-01  5.82119E-01  5.85892E-01  5.82789E-01  5.86540E-01  5.82789E-01  5.86541E-01  5.81450E-01  5.85244E-01  5.81450E-01  5.85245E-01
 3.89217E+01  1.21510E+04  3.89233E+01  1.21520E+04  5.82117E-01  5.85899E-01  5.82117E-01  5.85900E-01  5.82792E-01  5.86552E-01  5.82792E-01  5.86553E-01  5.81443E-01  5.85247E-01  5.81443E-01  5.85247E-01
 8.36581E+01  1.23190E+04  3.84160E+01  1.24190E+04  5.01624E-01  5.06706E-01  5.01624E-01  5.06706E-01  5.04350E-01  5.07150E-01  5.04350E-01  5.07150E-01  4.98911E-01  5.06263E-01  4.98911E-01  5.06263E-01
 8.36581E+01  1.23190E+04  3.84160E+01  1.24190E+04  5.01624E-01  5.06706E-01 -2.73263E+00 -1.80262E+00  5.04350E-01  5.07150E-01 -2.71482E+00 -1.80031E+00  4.98911E-01  5.06263E-01 -2.75052E+00 -1.80494E+00
 3.86956E+01  1.25900E+04  3.86972E+01  1.25910E+04  5.82135E-01  5.85910E-01  5.82136E-01  5.85910E-01  5.82823E-01  5.86543E-01  5.82823E-01  5.86543E-01  5.81449E-01  5.85278E-01  5.81449E-01  5.85278E-01
 3.89668E+01  1.27580E+04  3.89684E+01  1.27590E+04  5.82133E-01  5.85917E-01  5.82133E-01  5.85918E-01  5.82825E-01  5.86554E-01  5.82825E-01  5.86555E-01  5.81442E-01  5.85280E-01  5.81442E-01  5.85281E-01
 3.92363E+01  1.29260E+04  3.92379E+01  1.29270E+04  5.82131E-01  5.85924E-01  5.82131E-01  5.85925E-01  5.82828E-01  5.86566E-01  5.82828E-01  5.86567E-01  5.81435E-01  5.85283E-01  5.81435E-01  5.85283E-01
 3.95040E+01  1.30940E+04  3.95056E+01  1.30950E+04  5.82129E-01  5.85931E-01  5.82129E-01  5.85932E-01  5.82830E-01  5.86577E-01  5.82831E-01  5.86578E-01  5.81429E-01  5.85285E-01  5.81429E-01  5.85286E-01
 3.97699E+01  1.32620E+04  3.97715E+01  1.32630E+04  5.82127E-01  5.85938E-01  5.82127E-01  5.85939E-01  5.82833E-01  5.86589E-01  5.82833E-01  5.86590E-01  5.81422E-01  5.85288E-01  5.81422E-01  5.85288E-01
 4.00342E+01  1.34300E+04  4.00358E+01  1.34310E+04  5.82125E-01  5.85945E-01  5.82125E-01  5.85946E-01  5.82835E-01  5.86600E-01  5.82835E-01  5.86601E-01  5.81416E-01  5.85290E-01  5.81416E-01  5.85291E-01
 4.02969E+01  1.35980E+04  4.02984E+01  1.35990E+04  5.82123E-01  5.85952E-01  5.82123E-01  5.85952E-01  5.82838E-01  5.86612E-01  5.82838E-01  5.86612E-01  5.81409E-01  5.85293E-01  5.81409E-01  5.85293E-01
 4.05579E+01  1.37660E+04  4.05594E+01  1.37670E+04  5.82121E-01  5.85959E-01  5.82121E-01  5.85959E-01  5.82840E-01  5.86623E-01  5.82840E-01  5.86624E-01  5.81403E-01  5.85295E-01  5.81403E-01  5.85295E-01
 4.08173E+01  1.39340E+04  4.08189E+01  1.39350E+04  5.82119E-01  5.85965E-01  5.82119E-01  5.85966E-01  5.82842E-01  5.86634E-01  5.82843E-01  5.86635E-01  5.81396E-01  5.85297E-01  5.81396E-01  5.85298E-01
 4.10752E+01  1.41020E+04  4.10767E+01  1.41030E+04  5.82117E-01  5.85972E-01  5.82117E-01  5.85973E-01  5.82845E-01  5.86645E-01  5.82845E-01  5.86646E-01  5.81390E-01  5.85300E-01  5.81390E-01  5.85300E-01
 4.13315E+01  1.42700E+04  4.13330E+01  1.42710E+04  5.82115E-01  5.85979E-01  5.82115E-01  5.85979E-01  5.82847E-01  5.86656E-01  5.82848E-01  5.86657E-01  5.81383E-01  5.85302E-01  5.81383E-01  5.85303E-01
 4.15863E+01  1.44380E+04  4.15878E+01  1.44390E+04  5.82113E-01  5.85986E-01  5.82113E-01  5.85986E-01  5.82850E-01  5.86667E-01  5.82850E-01  5.86668E-01  5.81377E-01  5.85305E-01  5.81377E-01  5.85305E-01
 4.18397E+01  1.46060E+04  4.18412E+01  1.46070E+04  5.82111E-01  5.85992E-01  5.82111E-01  5.85993E-01  5.82852E-01  5.86678E-01  5.82852E-01  5.86679E-01  5.81371E-01  5.85307E-01  5.81371E-01  5.85307E-01
 4.20916E+01  1.47740E+04  4.20930E+01  1.47750E+04  5.82109E-01  5.85999E-01  5.82109E-01  5.85999E-01  5.82854E-01  5.86689E-01  5.82855E-01  5.86690E-01  5.81364E-01  5.85309E-01  5.81364E-01  5.85310E-01
 8.98855E+01  1.49420E+04  4.04459E+01  1.50420E+04  5.01721E-01  5.07039E-01  5.01721E-01  5.07039E-01  5.04724E-01  5.07441E-01  5.04724E-01  5.07441E-01  4.98732E-01  5.06637E-01  4.98732E-01  5.06637E-01
 8.98855E+01  1.49420E+04  4.04459E+01  1.50420E+04  5.01721E-01  5.07039E-01 -2.73273E+00 -1.80432E+00  5.04724E-01  5.07441E-01 -2.71311E+00 -1.80222E+00  4.98732E-01  5.06637E-01 -2.75244E+00 -1.80642E+00
 4.06999E+01  1.52130E+04  4.07014E+01  1.52140E+04  5.82156E-01  5.85999E-01  5.82156E-01  5.85999E-01  5.82913E-01  5.86630E-01  5.82913E-01  5.86631E-01  5.81400E-01  5.85368E-01  5.81400E-01  5.85368E-01
 4.09466E+01  1.53810E+04  4.09480E+01  1.53820E+04  5.82154E-01  5.86005E-01  5.82154E-01  5.86006E-01  5.82915E-01  5.86641E-01  5.82915E-01  5.86642E-01  5.81394E-01  5.85370E-01  5.81394E-01  5.85370E-01
 4.11919E+01  1.55490E+04  4.11934E+01  1.55500E+04  5.82152E-01  5.86012E-01  5.82152E-01  5.86012E-01  5.82917E-01  5.86651E-01  5.82918E-01  5.86652E-01  5.81388E-01  5.85372E-01  5.81388E-01  5.85373E-01
 4.14359E+01  1.57170E+04  4.14374E+01  1.57180E+04  5.82150E-01  5.86018E-01  5.82150E-01  5.86018E-01  5.82920E-01  5.86662E-01  5.82920E-01  5.86663E-01  5.81382E-01  5.85375E-01  5.81382E-01  5.85375E-01
 4.16786E+01  1.58850E+04  4.16801E+01  1.58860E+04  5.82148E-01  5.86024E-01  5.82148E-01  5.86025E-01  5.82922E-01  5.86672E-01  5.82922E-01  5.86673E-01  5.81376E-01  5.85377E-01  5.81376E-01  5.85377E-01
 4.19201E+01  1.60530E+04  4.19215E+01  1.60540E+04  5.82146E-01  5.86031E-01  5.82147E-01  5.86031E-01  5.82924E-01  5.86683E-01  5.82924E-01  5.86684E-01  5.81370E-01  5.85379E-01  5.81370E-01  5.85379E-01
 4.21603E+01  1.62210E+04  4.21617E+01  1.62220E+04  5.82145E-01  5.86037E-01  5.82145E-01  5.86037E-01  5.82926E-01  5.86693E-01  5.82927E-01  5.86694E-01  5.81364E-01  5.85381E-01  5.81364E-01  5.85382E-01
 4.23992E+01  1.63890E+04  4.24006E+01  1.63900E+04  5.82143E-01  5.86043E-01  5.82143E-01  5.86044E-01  5.82929E-01  5.86704E-01  5.82929E-01  5.86704E-01  5.81358E-01  5.85383E-01  5.81358E-01  5.85384E-01
 4.26369E+01  1.65570E+04  4.26383E+01  1.65580E+04  5.82141E-01  5.86049E-01  5.82141E-01  5.86050E-01  5.82931E-01  5.86714E-01  5.82931E-01  5.86715E-01  5.81352E-01  5.85386E-01  5.81352E-01  5.85386E-01
 4.28734E+01  1.67250E+04  4.28748E+01  1.67260E+04  5.82139E-01  5.86056E-01  5.82139E-01  5.86056E-01  5.82933E-01  5.86724E-01  5.82933E-01  5.86725E-01  5.81346E-01  5.85388E-01  5.81346E-01  5.85388E-01
 4.31088E+01  1.68930E+04  4.31102E+01  1.68940E+04  5.82137E-01  5.86062E-01  5.82137E-01  5.86062E-01  5.82935E-01  5.86734E-01  5.82936E-01  5.86735E-01  5.81340E-01  5.85390E-01  5.81340E-01  5.85390E-01
 4.33429E+01  1.70610E+04  4.33443E+01  1.70620E+04  5.82135E-01  5.86068E-01  5.82135E-01  5.86068E-01  5.82937E-01  5.86744E-01  5.82938E-01  5.86745E-01  5.81334E-01  5.85392E-01  5.81334E-01  5.85392E-01
 4.35759E+01  1.72290E+04  4.35773E+01  1.72300E+04  5.82133E-01  5.86074E-01  5.82134E-01  5.86074E-01  5.82940E-01  5.86754E-01  5.82940E-01  5.86755E-01  5.81328E-01  5.85394E-01  5.81328E-01  5.85395E-01
 4.38078E+01  1.73970E+04  4.38092E+01  1.73980E+04  5.82132E-01  5.86080E-01  5.82132E-01  5.86081E-01  5.82942E-01  5.86764E-01  5.82942E-01  5.86765E-01  5.81323E-01  5.85397E-01  5.81322E-01  5.85397E-01
 9.57889E+01  1.75650E+04  4.07650E+01  1.76650E+04  5.01803E-01  5.07345E-01  5.01803E-01  5.07345E-01  5.05062E-01  5.07717E-01  5.05062E-01  5.07717E-01  4.98562E-01  5.06974E-01  4.98562E-01  5.06974E-01
 9.57889E+01  1.75650E+04  4.07650E+01  1.76650E+04  5.01803E-01  5.07345E-01 -2.73278E+00 -1.80588E+00  5.05062E-01  5.07717E-01 -2.71152E+00 -1.80394E+00  4.98562E-01  5.06974E-01 -2.75416E+00 -1.80783E+00
 4.09992E+01  1.78360E+04  4.10005E+01  1.78370E+04  5.82214E-01  5.86067E-01  5.82214E-01  5.86068E-01  5.83035E-01  5.86645E-01  5.83035E-01  5.86646E-01  5.81394E-01  5.85490E-01  5.81394E-01  5.85490E-01
 4.12269E+01  1.80040E+04  4.12282E+01  1.80050E+04  5.82212E-01  5.86073E-01  5.82212E-01  5.86074E-01  5.83037E-01  5.86655E-01  5.83037E-01  5.86656E-01  5.81388E-01  5.85492E-01  5.81388E-01  5.85492E-01
 4.14535E+01  1.81720E+04  4.14549E+01  1.81730E+04  5.82210E-01  5.86079E-01  5.82210E-01  5.86079E-01  5.83039E-01  5.86665E-01  5.83039E-01  5.86665E-01  5.81383E-01  5.85494E-01  5.81383E-01  5.85494E-01
 4.16791E+01  1.83400E+04  4.16805E+01  1.83410E+04  5.82209E-01  5.86085E-01  5.82209E-01  5.86085E-01  5.83041E-01  5.86674E-01  5.83041E-01  5.86675E-01  5.81377E-01  5.85496E-01  5.81377E-01  5.85496E-01
 4.19037E+01  1.85080E+04  4.19050E+01  1.85090E+04  5.82207E-01  5.86091E-01  5.82207E-01  5.86091E-01  5.83043E-01  5.86684E-01  5.83043E-01  5.86685E-01  5.81372E-01  5.85498E-01  5.81372E-01  5.85498E-01
 4.21273E+01  1.86760E+04  4.21286E+01  1.86770E+04  5.82205E-01  5.86097E-01  5.82205E-01  5.86097E-01  5.83045E-01  5.86694E-01  5.83045E-01  5.86694E-01  5.81366E-01  5.85500E-01  5.81366E-01  5.85500E-01
 4.23498E+01  1.88440E+04  4.23511E+01  1.88450E+04  5.82203E-01  5.86102E-01  5.82203E-01  5.86103E-01  5.83047E-01  5.86703E-01  5.83048E-01  5.86704E-01  5.81360E-01  5.85502E-01  5.81360E-01  5.85502E-01
 4.25714E+01  1.90120E+04  4.25727E+01  1.90130E+04  5.82202E-01  5.86108E-01  5.82202E-01  5.86109E-01  5.83049E-01  5.86713E-01  5.83050E-01  5.86714E-01  5.81355E-01  5.85504E-01  5.81355E-01  5.85504E-01
 4.27920E+01  1.91800E+04  4.27933E+01  1.91810E+04  5.82200E-01  5.86114E-01  5.82200E-01  5.86115E-01  5.83051E-01  5.86722E-01  5.83052E-01  5.86723E-01  5.81349E-01  5.85506E-01  5.81349E-01  5.85506E-01
 4.30116E+01  1.93480E+04  4.30129E+01  1.93490E+04  5.82198E-01  5.86120E-01  5.82198E-01  5.86120E-01  5.83053E-01  5.86732E-01  5.83054E-01  5.86733E-01  5.81344E-01  5.85508E-01  5.81344E-01  5.85508E-01
 4.32303E+01  1.95160E+04  4.32316E+01  1.95170E+04  5.82196E-01  5.86126E-01  5.82197E-01  5.86126E-01  5.83055E-01  5.86741E-01  5.83056E-01  5.86742E-01  5.81339E-01  5.85510E-01  5.81338E-01  5.85510E-01
 4.34481E+01  1.96840E+04  4.34494E+01  1.96850E+04  5.82195E-01  5.86131E-01  5.82195E-01  5.86132E-01  5.83058E-01  5.86751E-01  5.83058E-01  5.86751E-01  5.81333E-01  5.85512E-01  5.81333E-01  5.85513E-01
 4.36649E+01  1.98520E+04  4.36662E+01  1.98530E+04  5.82193E-01  5.86137E-01  5.82193E-01  5.86137E-01  5.83060E-01  5.86760E-01  5.83060E-01  5.86761E-01  5.81328E-01  5.85514E-01  5.81328E-01  5.85515E-01
 4.38808E+01  2.00200E+04  4.38821E+01  2.00210E+04  5.82191E-01  5.86143E-01  5.82191E-01  5.86143E-01  5.83062E-01  5.86769E-01  5.83062E-01  5.86770E-01  5.81322E-01  5.85516E-01  5.81322E-01  5.85517E-01
 1.01214E+02  2.01880E+04  3.97236E+01  2.02880E+04  5.01881E-01  5.07629E-01  5.01881E-01  5.07629E-01  5.05376E-01  5.07970E-01  5.05376E-01  5.07970E-01  4.98405E-01  5.07288E-01  4.98405E-01  5.07288E-01
 1.01214E+02  2.01880E+04  3.97236E+01  2.02880E+04  5.01881E-01  5.07629E-01 -2.73284E+00 -1.80733E+00  5.05376E-01  5.07970E-01 -2.71004E+00 -1.80555E+00  4.98405E-01  5.07288E-01 -2.75576E+00 -1.80911E+00
 3.99420E+01  2.04590E+04  3.99433E+01  2.04600E+04  5.82302E-01  5.86119E-01  5.82302E-01  5.86120E-01  5.83182E-01  5.86602E-01  5.83182E-01  5.86603E-01  5.81423E-01  5.85637E-01  5.81423E-01  5.85637E-01
 4.01544E+01  2.06270E+04  4.01557E+01  2.06280E+04  5.82300E-01  5.86125E-01  5.82300E-01  5.86125E-01  5.83184E-01  5.86611E-01  5.83184E-01  5.86612E-01  5.81417E-01  5.85639E-01  5.81417E-01  5.85639E-01
 4.03660E+01  2.07950E+04  4.03672E+01  2.07960E+04  5.82298E-01  5.86130E-01  5.82298E-01  5.86131E-01  5.83186E-01  5.86620E-01  5.83186E-01  5.86621E-01  5.81412E-01  5.85641E-01  5.81412E-01  5.85641E-01
 4.05767E+01  2.09630E+04  4.05780E+01  2.09640E+04  5.82297E-01  5.86136E-01  5.82297E-01  5.86136E-01  5.83188E-01  5.86630E-01  5.83188E-01  5.86630E-01  5.81407E-01  5.85643E-01  5.81407E-01  5.85643E-01
 4.07866E+01  2.11310E+04  4.07878E+01  2.11320E+04  5.82295E-01  5.86141E-01  5.82295E-01  5.86142E-01  5.83190E-01  5.86639E-01  5.83190E-01  5.86639E-01  5.81402E-01  5.85645E-01  5.81402E-01  5.85645E-01
 4.09956E+01  2.12990E+04  4.09969E+01  2.13000E+04  5.82293E-01  5.86147E-01  5.82294E-01  5.86147E-01  5.83192E-01  5.86648E-01  5.83192E-01  5.86648E-01  5.81396E-01  5.85647E-01  5.81396E-01  5.85647E-01
 4.12039E+01  2.14670E+04  4.12051E+01  2.14680E+04  5.82292E-01  5.86152E-01  5.82292E-01  5.86153E-01  5.83194E-01  5.86657E-01  5.83194E-01  5.86657E-01  5.81391E-01  5.85649E-01  5.81391E-01  5.85649E-01
 4.14113E+01  2.16350E+04  4.14125E+01  2.16360E+04  5.82290E-01  5.86158E-01  5.82290E-01  5.86158E-01  5.83196E-01  5.86666E-01  5.83196E-01  5.86666E-01  5.81386E-01  5.85651E-01  5.81386E-01  5.85651E-01
 4.16179E+01  2.18030E+04  4.16192E+01  2.18040E+04  5.82289E-01  5.86163E-01  5.82289E-01  5.86164E-01  5.83197E-01  5.86674E-01  5.83198E-01  5.86675E-01  5.81381E-01  5.85652E-01  5.81381E-01  5.85653E-01
 4.18238E+01  2.19710E+04  4.18250E+01  2.19720E+04  5.82287E-01  5.86169E-01  5.82287E-01  5.86169E-01  5.83199E-01  5.86683E-01  5.83200E-01  5.86684E-01  5.81376E-01  5.85654E-01  5.81376E-01  5.85655E-01
 4.20288E+01  2.21390E+04  4.20301E+01  2.21400E+04  5.82285E-01  5.86174E-01  5.82285E-01  5.86174E-01  5.83201E-01  5.86692E-01  5.83202E-01  5.86693E-01  5.81371E-01  5.85656E-01  5.81371E-01  5.85656E-01
 4.22331E+01  2.23070E+04  4.22344E+01  2.23080E+04  5.82284E-01  5.86179E-01  5.82284E-01  5.86180E-01  5.83203E-01  5.86701E-01  5.83204E-01  5.86702E-01  5.81365E-01  5.85658E-01  5.81365E-01  5.85658E-01
 4.24367E+01  2.24750E+04  4.24379E+01  2.24760E+04  5.82282E-01  5.86185E-01  5.82282E-01  5.86185E-01  5.83205E-01  5.86710E-01  5.83205E-01  5.86710E-01  5.81360E-01  5.85660E-01  5.81360E-01  5.85660E-01
 4.26394E+01  2.26430E+04  4.26406E+01  2.26440E+04  5.82281E-01  5.86190E-01  5.82281E-01  5.86190E-01  5.83207E-01  5.86718E-01  5.83207E-01  5.86719E-01  5.81355E-01  5.85662E-01  5.81355E-01  5.85662E-01
 4.28415E+01  2.28110E+04  4.28427E+01  2.28120E+04  5.82279E-01  5.86195E-01  5.82279E-01  5.86196E-01  5.83209E-01  5.86727E-01  5.83209E-01  5.86728E-01  5.81350E-01  5.85664E-01  5.81350E-01  5.85664E-01
 1.07132E+02  2.29790E+04  3.86910E+01  2.30790E+04  5.01942E-01  5.07914E-01  5.01942E-01  5.07914E-01  5.05673E-01  5.08245E-01  5.05673E-01  5.08245E-01  4.98234E-01  5.07584E-01  4.98234E-01  5.07584E-01
 1.07132E+02  2.29790E+04  3.86910E+01  2.30790E+04  5.01942E-01  5.07914E-01 -2.73281E+00 -1.80878E+00  5.05673E-01  5.08245E-01 -2.70849E+00 -1.80706E+00  4.98234E-01  5.07584E-01 -2.75727E+00 -1.81051E+00
 3.88956E+01  2.32500E+04  3.88968E+01  2.32510E+04  5.82389E-01  5.86171E-01  5.82389E-01  5.86172E-01  5.83328E-01  5.86560E-01  5.83328E-01  5.86560E-01  5.81451E-01  5.85783E-01  5.81451E-01  5.85784E-01
 3.90947E+01  2.34180E+04  3.90959E+01  2.34190E+04  5.82387E-01  5.86177E-01  5.82387E-01  5.86177E-01  5.83330E-01  5.86568E-01  5.83330E-01  5.86569E-01  5.81446E-01  5.85785E-01  5.81446E-01  5.85785E-01
 3.92931E+01  2.35860E+04  3.92943E+01  2.35870E+04  5.82386E-01  5.86182E-01  5.82386E-01  5.86182E-01  5.83332E-01  5.86577E-01  5.83332E-01  5.86577E-01  5.81441E-01  5.85787E-01  5.81441E-01  5.85787E-01
 3.94908E+01  2.37540E+04  3.94920E+01  2.37550E+04  5.82384E-01  5.86187E-01  5.82384E-01  5.86187E-01  5.83334E-01  5.86585E-01  5.83334E-01  5.86586E-01  5.81436E-01  5.85789E-01  5.81436E-01  5.85789E-01
 3.96879E+01  2.39220E+04  3.96890E+01  2.39230E+04  5.82383E-01  5.86192E-01  5.82383E-01  5.86193E-01  5.83336E-01  5.86594E-01  5.83336E-01  5.86594E-01  5.81431E-01  5.85791E-01  5.81431E-01  5.85791E-01
 3.98842E+01  2.40900E+04  3.98854E+01  2.40910E+04  5.82381E-01  5.86197E-01  5.82381E-01  5.86198E-01  5.83337E-01  5.86602E-01  5.83338E-01  5.86603E-01  5.81426E-01  5.85793E-01  5.81426E-01  5.85793E-01
 4.00799E+01  2.42580E+04  4.00810E+01  2.42590E+04  5.82380E-01  5.86202E-01  5.82380E-01  5.86203E-01  5.83339E-01  5.86611E-01  5.83340E-01  5.86611E-01  5.81421E-01  5.85794E-01  5.81421E-01  5.85795E-01
 4.02749E+01  2.44260E+04  4.02760E+01  2.44270E+04  5.82378E-01  5.86208E-01  5.82378E-01  5.86208E-01  5.83341E-01  5.86619E-01  5.83341E-01  5.86620E-01  5.81416E-01  5.85796E-01  5.81416E-01  5.85796E-01
 4.04692E+01  2.45940E+04  4.04704E+01  2.45950E+04  5.82376E-01  5.86213E-01  5.82377E-01  5.86213E-01  5.83343E-01  5.86627E-01  5.83343E-01  5.86628E-01  5.81412E-01  5.85798E-01  5.81412E-01  5.85798E-01
 4.06629E+01  2.47620E+04  4.06640E+01  2.47630E+04  5.82375E-01  5.86218E-01  5.82375E-01  5.86218E-01  5.83345E-01  5.86636E-01  5.83345E-01  5.86636E-01  5.81407E-01  5.85800E-01  5.81407E-01  5.85800E-01
 4.08559E+01  2.49300E+04  4.08571E+01  2.49310E+04  5.82373E-01  5.86223E-01  5.82374E-01  5.86223E-01  5.83346E-01  5.86644E-01  5.83347E-01  5.86645E-01  5.81402E-01  5.85802E-01  5.81402E-01  5.85802E-01
 4.10483E+01  2.50980E+04  4.10494E+01  2.50990E+04  5.82372E-01  5.86228E-01  5.82372E-01  5.86228E-01  5.83348E-01  5.86652E-01  5.83349E-01  5.86653E-01  5.81397E-01  5.85803E-01  5.81397E-01  5.85804E-01
 4.12400E+01  2.52660E+04  4.12412E+01  2.52670E+04  5.82370E-01  5.86233E-01  5.82371E-01  5.86233E-01  5.83350E-01  5.86661E-01  5.83350E-01  5.86661E-01  5.81392E-01  5.85805E-01  5.81392E-01  5.85805E-01
 4.14312E+01  2.54340E+04  4.14323E+01  2.54350E+04  5.82369E-01  5.86238E-01  5.82369E-01  5.86238E-01  5.83352E-01  5.86669E-01  5.83352E-01  5.86670E-01  5.81388E-01  5.85807E-01  5.81388E-01  5.85807E-01
