#oxide_vs_height_outage  6      0   5019   5458   7241   9864  12319  14942  17565  20188  22979  25602
oxide_vs_height_outage  1  0.000000E+00  2.504829E+01  2.616091E+01  3.025879E+01  3.541428E+01  3.919782E+01  4.234201E+01  4.403860E+01  4.409586E+01  4.304276E+01  4.162165E+01
oxide_vs_height_outage  2  2.054000E+00  2.772402E+01  2.893587E+01  3.340540E+01  3.880880E+01  4.265201E+01  4.510173E+01  4.489715E+01  4.321544E+01  4.195847E+01  4.034327E+01
oxide_vs_height_outage  3  4.107000E+00  3.043770E+01  3.175766E+01  3.655539E+01  4.223476E+01  4.557294E+01  4.611478E+01  4.390293E+01  4.190568E+01  4.049180E+01  4.113279E+01
oxide_vs_height_outage  4  6.161000E+00  3.341477E+01  3.464721E+01  3.969089E+01  4.562506E+01  4.739078E+01  4.403957E+01  4.243937E+01  4.044555E+01  4.277535E+01  4.268445E+01
oxide_vs_height_outage  5  8.214000E+00  3.670525E+01  3.779189E+01  4.305210E+01  4.856968E+01  4.436835E+01  4.350917E+01  4.131786E+01  4.379303E+01  4.427325E+01  4.553514E+01
oxide_vs_height_outage  6  1.026800E+01  4.051439E+01  4.127805E+01  4.640582E+01  4.988953E+01  4.316343E+01  4.209312E+01  4.424109E+01  4.557490E+01  4.777457E+01  4.981100E+01
oxide_vs_height_outage  7  1.106200E+01  4.198720E+01  4.238024E+01  4.735089E+01  4.960918E+01  4.252480E+01  4.320898E+01  4.519304E+01  4.688278E+01  4.942877E+01  5.161260E+01
oxide_vs_height_outage  8  1.311600E+01  4.265617E+01  4.323778E+01  4.843685E+01  5.133290E+01  4.416015E+01  4.379071E+01  4.593203E+01  4.765178E+01  5.017905E+01  5.237624E+01
oxide_vs_height_outage  9  1.516900E+01  4.595032E+01  4.562924E+01  5.042005E+01  4.744406E+01  4.279808E+01  4.644383E+01  4.879619E+01  5.104840E+01  5.401220E+01  5.639662E+01
oxide_vs_height_outage 10  1.722300E+01  4.945865E+01  4.607808E+01  5.018673E+01  4.631668E+01  4.584663E+01  4.905426E+01  5.200906E+01  5.492323E+01  5.811412E+01  6.068389E+01
oxide_vs_height_outage 11  1.927600E+01  5.318543E+01  4.308460E+01  4.839732E+01  4.545231E+01  4.913767E+01  5.248788E+01  5.588828E+01  5.903472E+01  6.247194E+01  6.523663E+01
oxide_vs_height_outage 12  2.133000E+01  5.714244E+01  4.541933E+01  4.697735E+01  4.860860E+01  5.253106E+01  5.632725E+01  6.002174E+01  6.340842E+01  6.710353E+01  7.007435E+01
oxide_vs_height_outage 13  2.332200E+01  6.056988E+01  4.783656E+01  4.283329E+01  5.133327E+01  5.569744E+01  5.967121E+01  6.359109E+01  6.718123E+01  7.109812E+01  7.424579E+01
oxide_vs_height_outage 14  2.531300E+01  6.467398E+01  5.090978E+01  4.478348E+01  5.457194E+01  5.931012E+01  6.369289E+01  6.787826E+01  7.171375E+01  7.589806E+01  7.925900E+01
oxide_vs_height_outage 15  2.730500E+01  6.900186E+01  5.412231E+01  4.776691E+01  5.813647E+01  6.324780E+01  6.793121E+01  7.239660E+01  7.649092E+01  8.095736E+01  8.454300E+01
oxide_vs_height_outage 16  2.929600E+01  7.432105E+01  5.806281E+01  5.145476E+01  6.259568E+01  6.809646E+01  7.315197E+01  7.796554E+01  8.238276E+01  8.720102E+01  9.106708E+01
oxide_vs_height_outage 17  3.128800E+01  7.836073E+01  6.103406E+01  5.424870E+01  6.597338E+01  7.176392E+01  7.709934E+01  8.217402E+01  8.683328E+01  9.191527E+01  9.599073E+01
oxide_vs_height_outage 18  3.217200E+01  8.022822E+01  6.239944E+01  5.554082E+01  6.753569E+01  7.345831E+01  7.892349E+01  8.411899E+01  8.889037E+01  9.409452E+01  9.826690E+01
oxide_vs_height_outage 19  3.416400E+01  7.884308E+01  6.146808E+01  5.453557E+01  6.632900E+01  7.214310E+01  7.748976E+01  8.257580E+01  8.724233E+01  9.233281E+01  9.641216E+01
oxide_vs_height_outage 20  3.615500E+01  8.191390E+01  6.371546E+01  5.665681E+01  6.889423E+01  7.492459E+01  8.048317E+01  8.576651E+01  9.061593E+01  9.590571E+01  1.001430E+02
oxide_vs_height_outage 21  3.814700E+01  8.506098E+01  6.600351E+01  5.883038E+01  7.152130E+01  7.777228E+01  8.354835E+01  8.903380E+01  9.407072E+01  9.956481E+01  1.039637E+02
oxide_vs_height_outage 22  4.013800E+01  8.828081E+01  6.832812E+01  6.105374E+01  7.420707E+01  8.068270E+01  8.668164E+01  9.237374E+01  9.760258E+01  1.033058E+02  1.078699E+02
oxide_vs_height_outage 23  4.213000E+01  9.157614E+01  7.068964E+01  6.332877E+01  7.695367E+01  8.365806E+01  8.988547E+01  9.578894E+01  1.012143E+02  1.071315E+02  1.118647E+02
