exfol_fr_skinoutage height  efr_skin1 skin1_on1 efr_skin2 skin1_on2 efr_skin3 skin1_on3 efr_skin4 skin1_on4 efr_skin5 skin1_on5 efr_skin6 skin1_on6 efr_skin7 skin1_on7 efr_skin8 skin1_on8 efr_skin9 skin1_on9 efr_skin10 skin1_on10
exfol_fr_skinoutage  0.000000E+00  0.000000E+00  1.000000E+00  0.000000E+00  1.000000E+00  1.846563E-03  9.981534E-01  2.630694E-02  9.718465E-01  4.782526E-02  9.240212E-01  9.381563E-02  8.302056E-01  1.442221E-01  6.859835E-01  1.773900E-01  5.085935E-01  1.651335E-01  3.434600E-01  1.342343E-01  2.092257E-01
exfol_fr_skinoutage  2.054000E+00  0.000000E+00  1.000000E+00  0.000000E+00  1.000000E+00  1.559408E-02  9.844059E-01  4.127149E-02  9.431344E-01  9.305451E-02  8.500799E-01  1.792182E-01  6.708618E-01  2.105021E-01  4.603597E-01  1.802814E-01  2.800783E-01  1.664216E-01  1.136566E-01  1.136566E-01  0.000000E+00
exfol_fr_skinoutage  4.107000E+00  6.770517E-04  9.993229E-01  6.854965E-03  9.924680E-01  2.939223E-02  9.630758E-01  8.247208E-02  8.806037E-01  1.828295E-01  6.977742E-01  2.545587E-01  4.432155E-01  2.156720E-01  2.275435E-01  1.812808E-01  4.626261E-02  4.626261E-02  0.000000E+00  0.000000E+00  0.000000E+00
exfol_fr_skinoutage  6.161000E+00  1.366437E-02  9.863356E-01  1.963492E-02  9.667007E-01  4.431953E-02  9.223812E-01  1.633639E-01  7.590173E-01  3.330977E-01  4.259196E-01  2.257543E-01  2.001653E-01  2.001653E-01  0.000000E+00  0.000000E+00  0.000000E+00  0.000000E+00  0.000000E+00  0.000000E+00  0.000000E+00
exfol_fr_skinoutage  8.214000E+00  2.808653E-02  9.719135E-01  3.370062E-02  9.382128E-01  8.914572E-02  8.490671E-01  4.014186E-01  4.476485E-01  2.348130E-01  2.128355E-01  2.128355E-01  0.000000E+00  0.000000E+00  0.000000E+00  0.000000E+00  0.000000E+00  0.000000E+00  0.000000E+00  0.000000E+00  0.000000E+00
exfol_fr_skinoutage  1.026800E+01  4.859495E-02  9.514050E-01  6.238362E-02  8.890214E-01  1.931755E-01  6.958459E-01  4.741316E-01  2.217143E-01  2.217143E-01  0.000000E+00  0.000000E+00  0.000000E+00  0.000000E+00  0.000000E+00  0.000000E+00  0.000000E+00  0.000000E+00  0.000000E+00  0.000000E+00  0.000000E+00
exfol_fr_skinoutage  1.106200E+01  6.764202E-02  9.323580E-01  7.810148E-02  8.542565E-01  2.468657E-01  6.073908E-01  4.779571E-01  1.294336E-01  1.294336E-01  0.000000E+00  0.000000E+00  0.000000E+00  0.000000E+00  0.000000E+00  0.000000E+00  0.000000E+00  0.000000E+00  0.000000E+00  0.000000E+00  0.000000E+00
exfol_fr_skinoutage  1.311600E+01  5.895969E-02  9.410403E-01  7.108687E-02  8.699534E-01  2.229287E-01  6.470247E-01  4.767642E-01  1.702606E-01  1.702606E-01  0.000000E+00  0.000000E+00  0.000000E+00  0.000000E+00  0.000000E+00  0.000000E+00  0.000000E+00  0.000000E+00  0.000000E+00  0.000000E+00  0.000000E+00
exfol_fr_skinoutage  1.516900E+01  1.003349E-01  8.996651E-01  1.049248E-01  7.947403E-01  4.440907E-01  3.506496E-01  3.506496E-01  0.000000E+00  0.000000E+00  0.000000E+00  0.000000E+00  0.000000E+00  0.000000E+00  0.000000E+00  0.000000E+00  0.000000E+00  0.000000E+00  0.000000E+00  0.000000E+00  0.000000E+00
exfol_fr_skinoutage  1.722300E+01  2.234429E-01  7.765571E-01  1.455082E-01  6.310488E-01  4.664453E-01  1.646035E-01  1.646035E-01  0.000000E+00  0.000000E+00  0.000000E+00  0.000000E+00  0.000000E+00  0.000000E+00  0.000000E+00  0.000000E+00  0.000000E+00  0.000000E+00  0.000000E+00  0.000000E+00  0.000000E+00
exfol_fr_skinoutage  1.927600E+01  4.673611E-01  5.326389E-01  1.128891E-01  4.197498E-01  4.197498E-01  0.000000E+00  0.000000E+00  0.000000E+00  0.000000E+00  0.000000E+00  0.000000E+00  0.000000E+00  0.000000E+00  0.000000E+00  0.000000E+00  0.000000E+00  0.000000E+00  0.000000E+00  0.000000E+00  0.000000E+00
exfol_fr_skinoutage  2.133000E+01  4.980154E-01  5.019846E-01  2.524401E-01  2.495445E-01  2.495445E-01  0.000000E+00  0.000000E+00  0.000000E+00  0.000000E+00  0.000000E+00  0.000000E+00  0.000000E+00  0.000000E+00  0.000000E+00  0.000000E+00  0.000000E+00  0.000000E+00  0.000000E+00  0.000000E+00  0.000000E+00
exfol_fr_skinoutage  2.332200E+01  5.081822E-01  4.918178E-01  4.635577E-01  2.826008E-02  2.826008E-02  0.000000E+00  0.000000E+00  0.000000E+00  0.000000E+00  0.000000E+00  0.000000E+00  0.000000E+00  0.000000E+00  0.000000E+00  0.000000E+00  0.000000E+00  0.000000E+00  0.000000E+00  0.000000E+00  0.000000E+00
exfol_fr_skinoutage  2.531300E+01  5.134760E-01  4.865240E-01  4.865240E-01  0.000000E+00  0.000000E+00  0.000000E+00  0.000000E+00  0.000000E+00  0.000000E+00  0.000000E+00  0.000000E+00  0.000000E+00  0.000000E+00  0.000000E+00  0.000000E+00  0.000000E+00  0.000000E+00  0.000000E+00  0.000000E+00  0.000000E+00
exfol_fr_skinoutage  2.730500E+01  5.192069E-01  4.807931E-01  4.807931E-01  0.000000E+00  0.000000E+00  0.000000E+00  0.000000E+00  0.000000E+00  0.000000E+00  0.000000E+00  0.000000E+00  0.000000E+00  0.000000E+00  0.000000E+00  0.000000E+00  0.000000E+00  0.000000E+00  0.000000E+00  0.000000E+00  0.000000E+00
exfol_fr_skinoutage  2.929600E+01  5.257051E-01  4.742949E-01  4.742949E-01  0.000000E+00  0.000000E+00  0.000000E+00  0.000000E+00  0.000000E+00  0.000000E+00  0.000000E+00  0.000000E+00  0.000000E+00  0.000000E+00  0.000000E+00  0.000000E+00  0.000000E+00  0.000000E+00  0.000000E+00  0.000000E+00  0.000000E+00
exfol_fr_skinoutage  3.128800E+01  5.305051E-01  4.694949E-01  4.694949E-01  0.000000E+00  0.000000E+00  0.000000E+00  0.000000E+00  0.000000E+00  0.000000E+00  0.000000E+00  0.000000E+00  0.000000E+00  0.000000E+00  0.000000E+00  0.000000E+00  0.000000E+00  0.000000E+00  0.000000E+00  0.000000E+00  0.000000E+00
exfol_fr_skinoutage  3.217200E+01  5.327717E-01  4.672283E-01  4.672283E-01  0.000000E+00  0.000000E+00  0.000000E+00  0.000000E+00  0.000000E+00  0.000000E+00  0.000000E+00  0.000000E+00  0.000000E+00  0.000000E+00  0.000000E+00  0.000000E+00  0.000000E+00  0.000000E+00  0.000000E+00  0.000000E+00  0.000000E+00
exfol_fr_skinoutage  3.416400E+01  5.283161E-01  4.716839E-01  4.716839E-01  0.000000E+00  0.000000E+00  0.000000E+00  0.000000E+00  0.000000E+00  0.000000E+00  0.000000E+00  0.000000E+00  0.000000E+00  0.000000E+00  0.000000E+00  0.000000E+00  0.000000E+00  0.000000E+00  0.000000E+00  0.000000E+00  0.000000E+00
exfol_fr_skinoutage  3.615500E+01  5.319420E-01  4.680580E-01  4.680580E-01  0.000000E+00  0.000000E+00  0.000000E+00  0.000000E+00  0.000000E+00  0.000000E+00  0.000000E+00  0.000000E+00  0.000000E+00  0.000000E+00  0.000000E+00  0.000000E+00  0.000000E+00  0.000000E+00  0.000000E+00  0.000000E+00  0.000000E+00
exfol_fr_skinoutage  3.814700E+01  5.357452E-01  4.642548E-01  4.642548E-01  0.000000E+00  0.000000E+00  0.000000E+00  0.000000E+00  0.000000E+00  0.000000E+00  0.000000E+00  0.000000E+00  0.000000E+00  0.000000E+00  0.000000E+00  0.000000E+00  0.000000E+00  0.000000E+00  0.000000E+00  0.000000E+00  0.000000E+00
exfol_fr_skinoutage  4.013800E+01  5.397283E-01  4.602717E-01  4.602717E-01  0.000000E+00  0.000000E+00  0.000000E+00  0.000000E+00  0.000000E+00  0.000000E+00  0.000000E+00  0.000000E+00  0.000000E+00  0.000000E+00  0.000000E+00  0.000000E+00  0.000000E+00  0.000000E+00  0.000000E+00  0.000000E+00  0.000000E+00
exfol_fr_skinoutage  4.213000E+01  5.439023E-01  4.560977E-01  4.560977E-01  0.000000E+00  0.000000E+00  0.000000E+00  0.000000E+00  0.000000E+00  0.000000E+00  0.000000E+00  0.000000E+00  0.000000E+00  0.000000E+00  0.000000E+00  0.000000E+00  0.000000E+00  0.000000E+00  0.000000E+00  0.000000E+00  0.000000E+00
