 d_f t_f d_p t_p eh1_ave_f eh2_ave_f eh1_ave_p eh2_ave_p eh1_max_f eh2_max_f eh1_max_p eh2_max_p eh1_min_f eh2_min_f eh1_min_p eh2_min_p eh1_plat_ave_p eh2_plat_ave_p eh1_plat_max_p eh2_plat_max_p eh1_plat_min_p eh2_plat_min_p
 3.15268E+00  1.47000E+02  3.16339E+00  1.48000E+02  6.20503E-01  6.20610E-01  6.20504E-01  6.20613E-01  6.20557E-01  6.20664E-01  6.20559E-01  6.20668E-01  6.20449E-01  6.20557E-01  6.20449E-01  6.20558E-01  1.15729E-06  2.78332E-06  2.09348E-06  3.97215E-06  2.21158E-07  1.59454E-06
 4.61505E+00  3.15000E+02  4.62237E+00  3.16000E+02  6.20489E-01  6.20646E-01  6.20490E-01  6.20648E-01  6.20568E-01  6.20725E-01  6.20569E-01  6.20728E-01  6.20410E-01  6.20568E-01  6.20410E-01  6.20569E-01  7.91269E-07  1.90292E-06  1.43129E-06  2.71575E-06  1.51296E-07  1.09015E-06
 6.44291E+00  4.83000E+02  6.45290E+00  4.84000E+02  6.20472E-01  6.20692E-01  6.20473E-01  6.20694E-01  6.20582E-01  6.20801E-01  6.20584E-01  6.20805E-01  6.20362E-01  6.20582E-01  6.20362E-01  6.20583E-01  1.08058E-06  2.59686E-06  1.95479E-06  3.70350E-06  2.06480E-07  1.49033E-06
 7.94608E+00  6.51000E+02  7.95418E+00  6.52000E+02  6.20458E-01  6.20729E-01  6.20458E-01  6.20731E-01  6.20593E-01  6.20864E-01  6.20595E-01  6.20867E-01  6.20322E-01  6.20593E-01  6.20322E-01  6.20595E-01  8.76939E-07  2.10716E-06  1.58635E-06  3.00486E-06  1.67633E-07  1.20957E-06
 9.20756E+00  8.19000E+02  9.21455E+00  8.20000E+02  6.20446E-01  6.20760E-01  6.20446E-01  6.20762E-01  6.20603E-01  6.20917E-01  6.20604E-01  6.20919E-01  6.20289E-01  6.20603E-01  6.20288E-01  6.20604E-01  7.57298E-07  1.81945E-06  1.36989E-06  2.59436E-06  1.44808E-07  1.04465E-06
 1.03163E+01  9.87000E+02  1.03226E+01  9.88000E+02  6.20435E-01  6.20787E-01  6.20436E-01  6.20789E-01  6.20612E-01  6.20963E-01  6.20613E-01  6.20965E-01  6.20259E-01  6.20612E-01  6.20259E-01  6.20613E-01  6.76283E-07  1.62462E-06  1.22332E-06  2.31637E-06  1.29350E-07  9.32971E-07
 1.13173E+01  1.15500E+03  1.13230E+01  1.15600E+03  6.20426E-01  6.20812E-01  6.20426E-01  6.20813E-01  6.20619E-01  6.21004E-01  6.20620E-01  6.21007E-01  6.20233E-01  6.20619E-01  6.20233E-01  6.20620E-01  6.16769E-07  1.48149E-06  1.11564E-06  2.11215E-06  1.17995E-07  8.50939E-07
 1.22369E+01  1.32300E+03  1.22422E+01  1.32400E+03  6.20417E-01  6.20835E-01  6.20418E-01  6.20836E-01  6.20626E-01  6.21043E-01  6.20627E-01  6.21045E-01  6.20208E-01  6.20626E-01  6.20208E-01  6.20627E-01  5.70669E-07  1.37062E-06  1.03224E-06  1.95395E-06  1.09198E-07  7.87397E-07
 1.30923E+01  1.49100E+03  1.30973E+01  1.49200E+03  6.20409E-01  6.20856E-01  6.20410E-01  6.20857E-01  6.20633E-01  6.21078E-01  6.20634E-01  6.21080E-01  6.20186E-01  6.20633E-01  6.20186E-01  6.20634E-01  5.33599E-07  1.28146E-06  9.65174E-07  1.82673E-06  1.02124E-07  7.36303E-07
 1.38954E+01  1.65900E+03  1.39000E+01  1.66000E+03  6.20402E-01  6.20875E-01  6.20402E-01  6.20877E-01  6.20639E-01  6.21112E-01  6.20640E-01  6.21114E-01  6.20164E-01  6.20639E-01  6.20164E-01  6.20640E-01  5.02950E-07  1.20775E-06  9.09724E-07  1.72155E-06  9.62759E-08  6.94060E-07
 1.46547E+01  1.82700E+03  1.46591E+01  1.82800E+03  6.20395E-01  6.20894E-01  6.20395E-01  6.20895E-01  6.20645E-01  6.21144E-01  6.20646E-01  6.21145E-01  6.20144E-01  6.20645E-01  6.20144E-01  6.20646E-01  4.77059E-07  1.14548E-06  8.62884E-07  1.63270E-06  9.13354E-08  6.58376E-07
 1.53767E+01  1.99500E+03  1.53809E+01  1.99600E+03  6.20388E-01  6.20912E-01  6.20388E-01  6.20913E-01  6.20651E-01  6.21174E-01  6.20651E-01  6.21175E-01  6.20125E-01  6.20651E-01  6.20125E-01  6.20651E-01  4.54811E-07  1.09198E-06  8.22633E-07  1.55634E-06  8.70898E-08  6.27712E-07
 1.60665E+01  2.16300E+03  1.60705E+01  2.16400E+03  6.20381E-01  6.20929E-01  6.20382E-01  6.20930E-01  6.20656E-01  6.21202E-01  6.20657E-01  6.21204E-01  6.20107E-01  6.20656E-01  6.20107E-01  6.20656E-01  4.35424E-07  1.04535E-06  7.87559E-07  1.48981E-06  8.33903E-08  6.00993E-07
 1.67279E+01  2.33100E+03  1.67318E+01  2.33200E+03  6.20375E-01  6.20945E-01  6.20375E-01  6.20946E-01  6.20661E-01  6.21230E-01  6.20662E-01  6.21231E-01  6.20089E-01  6.20661E-01  6.20089E-01  6.20661E-01  4.18333E-07  1.00424E-06  7.56639E-07  1.43116E-06  8.01289E-08  5.77438E-07
 1.73643E+01  2.49900E+03  1.73681E+01  2.50000E+03  6.20369E-01  6.20961E-01  6.20369E-01  6.20962E-01  6.20666E-01  6.21256E-01  6.20667E-01  6.21258E-01  6.20072E-01  6.20666E-01  6.20072E-01  6.20666E-01  4.03119E-07  9.67651E-07  7.29114E-07  1.37894E-06  7.72255E-08  5.56469E-07
 1.79784E+01  2.66700E+03  1.79820E+01  2.66800E+03  6.20363E-01  6.20976E-01  6.20364E-01  6.20977E-01  6.20671E-01  6.21282E-01  6.20671E-01  6.21283E-01  6.20056E-01  6.20671E-01  6.20056E-01  6.20671E-01  3.89461E-07  9.34801E-07  7.04404E-07  1.33206E-06  7.46191E-08  5.37645E-07
 1.85722E+01  2.83500E+03  1.85757E+01  2.83600E+03  6.20358E-01  6.20991E-01  6.20358E-01  6.20992E-01  6.20675E-01  6.21307E-01  6.20676E-01  6.21308E-01  6.20040E-01  6.20675E-01  6.20040E-01  6.20676E-01  3.77110E-07  9.05096E-07  6.82060E-07  1.28968E-06  7.22622E-08  5.20624E-07
 1.91477E+01  3.00300E+03  1.91511E+01  3.00400E+03  6.20352E-01  6.21005E-01  6.20352E-01  6.21006E-01  6.20679E-01  6.21331E-01  6.20680E-01  6.21332E-01  6.20025E-01  6.20679E-01  6.20025E-01  6.20680E-01  3.65871E-07  8.78065E-07  6.61727E-07  1.25110E-06  7.01174E-08  5.05135E-07
 1.97066E+01  3.17100E+03  1.97098E+01  3.17200E+03  6.20347E-01  6.21019E-01  6.20347E-01  6.21020E-01  6.20684E-01  6.21354E-01  6.20684E-01  6.21355E-01  6.20010E-01  6.20684E-01  6.20010E-01  6.20684E-01  3.55587E-07  8.53329E-07  6.43120E-07  1.21580E-06  6.81548E-08  4.90961E-07
 2.02501E+01  3.33900E+03  2.02533E+01  3.34000E+03  6.20342E-01  6.21032E-01  6.20342E-01  6.21033E-01  6.20688E-01  6.21377E-01  6.20689E-01  6.21378E-01  6.19996E-01  6.20688E-01  6.19996E-01  6.20688E-01  3.46129E-07  8.30581E-07  6.26009E-07  1.18334E-06  6.63498E-08  4.77926E-07
 2.07794E+01  3.50700E+03  2.07826E+01  3.50800E+03  6.20337E-01  6.21045E-01  6.20337E-01  6.21046E-01  6.20692E-01  6.21399E-01  6.20693E-01  6.21400E-01  6.19982E-01  6.20692E-01  6.19982E-01  6.20692E-01  3.37392E-07  8.09568E-07  6.10203E-07  1.15336E-06  6.46825E-08  4.65885E-07
 2.12958E+01  3.67500E+03  2.12988E+01  3.67600E+03  6.20332E-01  6.21058E-01  6.20332E-01  6.21059E-01  6.20696E-01  6.21420E-01  6.20697E-01  6.21421E-01  6.19968E-01  6.20696E-01  6.19968E-01  6.20696E-01  3.29289E-07  7.90080E-07  5.95544E-07  1.12555E-06  6.31362E-08  4.54719E-07
 2.17999E+01  3.84300E+03  2.18029E+01  3.84400E+03  6.20327E-01  6.21070E-01  6.20327E-01  6.21071E-01  6.20700E-01  6.21441E-01  6.20700E-01  6.21442E-01  6.19955E-01  6.20700E-01  6.19955E-01  6.20700E-01  3.21748E-07  7.71940E-07  5.81900E-07  1.09966E-06  6.16970E-08  4.44325E-07
 2.22928E+01  4.01100E+03  2.22957E+01  4.01200E+03  6.20322E-01  6.21082E-01  6.20323E-01  6.21083E-01  6.20704E-01  6.21462E-01  6.20704E-01  6.21463E-01  6.19941E-01  6.20704E-01  6.19941E-01  6.20704E-01  3.14705E-07  7.55002E-07  5.69158E-07  1.07549E-06  6.03530E-08  4.34619E-07
 2.27750E+01  4.17900E+03  2.27778E+01  4.18000E+03  6.20318E-01  6.21094E-01  6.20318E-01  6.21095E-01  6.20707E-01  6.21482E-01  6.20708E-01  6.21483E-01  6.19929E-01  6.20707E-01  6.19929E-01  6.20708E-01  3.08109E-07  7.39136E-07  5.57225E-07  1.05285E-06  5.90942E-08  4.25529E-07
 2.32473E+01  4.34700E+03  2.32501E+01  4.34800E+03  6.20313E-01  6.21106E-01  6.20314E-01  6.21107E-01  6.20711E-01  6.21501E-01  6.20711E-01  6.21502E-01  6.19916E-01  6.20711E-01  6.19916E-01  6.20711E-01  3.01914E-07  7.24236E-07  5.46017E-07  1.03159E-06  5.79119E-08  4.16991E-07
 2.37103E+01  4.51500E+03  2.37130E+01  4.51600E+03  6.20309E-01  6.21117E-01  6.20309E-01  6.21118E-01  6.20715E-01  6.21521E-01  6.20715E-01  6.21522E-01  6.19904E-01  6.20715E-01  6.19904E-01  6.20715E-01  2.96080E-07  7.10206E-07  5.35464E-07  1.01157E-06  5.67987E-08  4.08952E-07
 2.41645E+01  4.68300E+03  2.41671E+01  4.68400E+03  6.20305E-01  6.21129E-01  6.20305E-01  6.21129E-01  6.20718E-01  6.21539E-01  6.20718E-01  6.21540E-01  6.19892E-01  6.20718E-01  6.19892E-01  6.20718E-01  2.90575E-07  6.96965E-07  5.25504E-07  9.92673E-07  5.57481E-08  4.01365E-07
 2.46103E+01  4.85100E+03  2.46129E+01  4.85200E+03  6.20301E-01  6.21140E-01  6.20301E-01  6.21140E-01  6.20721E-01  6.21558E-01  6.20722E-01  6.21559E-01  6.19880E-01  6.20721E-01  6.19880E-01  6.20722E-01  2.85369E-07  6.84443E-07  5.16085E-07  9.74802E-07  5.47545E-08  3.94190E-07
 9.15761E+01  5.01900E+03  2.53054E+01  5.11900E+03  5.30017E-01  5.33478E-01  5.30017E-01  5.33478E-01  5.31748E-01  5.35212E-01 -1.22806E-01  2.50721E-01  5.28291E-01  5.31748E-01 -1.25633E-01  2.49291E-01 -1.95672E-01  1.78471E-01 -1.94350E-01  1.79356E-01 -1.96998E-01  1.77580E-01
 9.15761E+01  5.01900E+03  2.53054E+01  5.11900E+03  5.30017E-01  5.33478E-01 -2.08178E+00 -1.39559E+00  5.31748E-01  5.35212E-01 -1.22806E-01  2.50721E-01  5.28291E-01  5.31748E-01 -1.25633E-01  2.49291E-01 -1.95672E-01  1.78471E-01 -1.94350E-01  1.79356E-01 -1.96998E-01  1.77580E-01
 2.57417E+01  5.29000E+03  2.57442E+01  5.29100E+03  6.20290E-01  6.21167E-01  6.20290E-01  6.21168E-01  6.20730E-01  6.21605E-01  6.20731E-01  6.21606E-01  6.19850E-01  6.20730E-01  6.19850E-01  6.20730E-01  2.72966E-07  6.54611E-07  4.93646E-07  9.32232E-07  5.23875E-08  3.77097E-07
 7.06896E+01  5.45800E+03  2.64073E+01  5.55800E+03  5.30761E-01  5.33435E-01  5.30761E-01  5.33435E-01  5.32571E-01  5.34300E-01 -1.22368E-01  2.53341E-01  5.28956E-01  5.32571E-01 -1.25326E-01  2.50819E-01 -1.95058E-01  1.80778E-01 -1.93673E-01  1.81857E-01 -1.96446E-01  1.79699E-01
 7.06896E+01  5.45800E+03  2.64073E+01  5.55800E+03  5.30761E-01  5.33435E-01 -2.08495E+00 -1.39540E+00  5.32571E-01  5.34300E-01 -1.22368E-01  2.53341E-01  5.28956E-01  5.32571E-01 -1.25326E-01  2.50819E-01 -1.95058E-01  1.80778E-01 -1.93673E-01  1.81857E-01 -1.96446E-01  1.79699E-01
 2.68258E+01  5.72900E+03  2.68282E+01  5.73000E+03  6.20280E-01  6.21194E-01  6.20280E-01  6.21195E-01  6.20738E-01  6.21650E-01  6.20739E-01  6.21651E-01  6.19821E-01  6.20738E-01  6.19821E-01  6.20739E-01  2.62063E-07  6.28388E-07  4.73921E-07  8.94811E-07  5.03069E-08  3.62072E-07
 2.72284E+01  5.89700E+03  2.72308E+01  5.89800E+03  6.20276E-01  6.21204E-01  6.20276E-01  6.21205E-01  6.20741E-01  6.21667E-01  6.20742E-01  6.21668E-01  6.19810E-01  6.20741E-01  6.19810E-01  6.20742E-01  2.58235E-07  6.19180E-07  4.66996E-07  8.81671E-07  4.95763E-08  3.56796E-07
 2.76253E+01  6.06500E+03  2.76276E+01  6.06600E+03  6.20272E-01  6.21214E-01  6.20272E-01  6.21214E-01  6.20745E-01  6.21683E-01  6.20745E-01  6.21684E-01  6.19800E-01  6.20745E-01  6.19800E-01  6.20745E-01  2.54571E-07  6.10368E-07  4.60367E-07  8.69096E-07  4.88771E-08  3.51747E-07
 2.80165E+01  6.23300E+03  2.80188E+01  6.23400E+03  6.20268E-01  6.21223E-01  6.20268E-01  6.21224E-01  6.20748E-01  6.21700E-01  6.20748E-01  6.21701E-01  6.19789E-01  6.20748E-01  6.19789E-01  6.20748E-01  2.51061E-07  6.01924E-07  4.54016E-07  8.57046E-07  4.82071E-08  3.46909E-07
 2.84024E+01  6.40100E+03  2.84047E+01  6.40200E+03  6.20265E-01  6.21233E-01  6.20265E-01  6.21234E-01  6.20750E-01  6.21716E-01  6.20751E-01  6.21717E-01  6.19779E-01  6.20750E-01  6.19779E-01  6.20751E-01  2.47693E-07  5.93824E-07  4.47923E-07  8.45487E-07  4.75644E-08  3.42268E-07
 2.87832E+01  6.56900E+03  2.87854E+01  6.57000E+03  6.20261E-01  6.21242E-01  6.20261E-01  6.21243E-01  6.20753E-01  6.21732E-01  6.20754E-01  6.21732E-01  6.19769E-01  6.20753E-01  6.19769E-01  6.20754E-01  2.44458E-07  5.86044E-07  4.42071E-07  8.34384E-07  4.69471E-08  3.37810E-07
 2.91590E+01  6.73700E+03  2.91612E+01  6.73800E+03  6.20257E-01  6.21252E-01  6.20258E-01  6.21252E-01  6.20756E-01  6.21747E-01  6.20757E-01  6.21748E-01  6.19759E-01  6.20756E-01  6.19759E-01  6.20757E-01  2.41348E-07  5.78564E-07  4.36445E-07  8.23710E-07  4.63536E-08  3.33524E-07
 2.95301E+01  6.90500E+03  2.95323E+01  6.90600E+03  6.20254E-01  6.21261E-01  6.20254E-01  6.21261E-01  6.20759E-01  6.21763E-01  6.20760E-01  6.21763E-01  6.19749E-01  6.20759E-01  6.19749E-01  6.20759E-01  2.38355E-07  5.71365E-07  4.31030E-07  8.13436E-07  4.57824E-08  3.29400E-07
 2.98967E+01  7.07300E+03  2.98988E+01  7.07400E+03  6.20250E-01  6.21270E-01  6.20251E-01  6.21270E-01  6.20762E-01  6.21778E-01  6.20762E-01  6.21779E-01  6.19739E-01  6.20762E-01  6.19739E-01  6.20762E-01  2.35472E-07  5.64430E-07  4.25813E-07  8.03540E-07  4.52321E-08  3.25426E-07
 6.33288E+01  7.24100E+03  3.04445E+01  7.34100E+03  5.31278E-01  5.33676E-01  5.31278E-01  5.33676E-01  5.33367E-01  5.33985E-01 -1.22225E-01  2.56058E-01  5.29196E-01  5.33367E-01 -1.25629E-01  2.50226E-01 -1.94951E-01  1.82012E-01 -1.93359E-01  1.84718E-01 -1.96548E-01  1.79307E-01
 6.33288E+01  7.24100E+03  3.04445E+01  7.34100E+03  5.31278E-01  5.33676E-01 -2.08697E+00 -1.39662E+00  5.33367E-01  5.33985E-01 -1.22225E-01  2.56058E-01  5.29196E-01  5.33367E-01 -1.25629E-01  2.50226E-01 -1.94951E-01  1.82012E-01 -1.93359E-01  1.84718E-01 -1.96548E-01  1.79307E-01
 3.08083E+01  7.51200E+03  3.08104E+01  7.51300E+03  6.20242E-01  6.21293E-01  6.20242E-01  6.21293E-01  6.20770E-01  6.21816E-01  6.20770E-01  6.21817E-01  6.19715E-01  6.20770E-01  6.19715E-01  6.20770E-01  2.28392E-07  5.47403E-07  4.13005E-07  7.79246E-07  4.38809E-08  3.15668E-07
 3.11597E+01  7.68000E+03  3.11617E+01  7.68100E+03  6.20239E-01  6.21301E-01  6.20239E-01  6.21302E-01  6.20773E-01  6.21830E-01  6.20773E-01  6.21831E-01  6.19706E-01  6.20773E-01  6.19706E-01  6.20773E-01  2.25855E-07  5.41301E-07  4.08415E-07  7.70537E-07  4.33967E-08  3.12172E-07
 3.15071E+01  7.84800E+03  3.15092E+01  7.84900E+03  6.20236E-01  6.21310E-01  6.20236E-01  6.21310E-01  6.20775E-01  6.21845E-01  6.20776E-01  6.21846E-01  6.19697E-01  6.20775E-01  6.19697E-01  6.20776E-01  2.23402E-07  5.35400E-07  4.03976E-07  7.62116E-07  4.29285E-08  3.08791E-07
 3.18508E+01  8.01600E+03  3.18528E+01  8.01700E+03  6.20232E-01  6.21318E-01  6.20233E-01  6.21319E-01  6.20778E-01  6.21859E-01  6.20778E-01  6.21860E-01  6.19687E-01  6.20778E-01  6.19687E-01  6.20778E-01  2.21027E-07  5.29689E-07  3.99681E-07  7.53966E-07  4.24754E-08  3.05519E-07
 3.21909E+01  8.18400E+03  3.21929E+01  8.18500E+03  6.20229E-01  6.21327E-01  6.20229E-01  6.21327E-01  6.20780E-01  6.21873E-01  6.20781E-01  6.21874E-01  6.19678E-01  6.20780E-01  6.19678E-01  6.20781E-01  2.18728E-07  5.24158E-07  3.95521E-07  7.46074E-07  4.20365E-08  3.02350E-07
 3.25274E+01  8.35200E+03  3.25294E+01  8.35300E+03  6.20226E-01  6.21335E-01  6.20226E-01  6.21335E-01  6.20783E-01  6.21887E-01  6.20783E-01  6.21888E-01  6.19669E-01  6.20783E-01  6.19669E-01  6.20783E-01  2.16499E-07  5.18799E-07  3.91490E-07  7.38425E-07  4.16113E-08  2.99279E-07
 3.28606E+01  8.52000E+03  3.28625E+01  8.52100E+03  6.20223E-01  6.21343E-01  6.20223E-01  6.21344E-01  6.20786E-01  6.21901E-01  6.20786E-01  6.21902E-01  6.19661E-01  6.20786E-01  6.19661E-01  6.20786E-01  2.14339E-07  5.13601E-07  3.87580E-07  7.31008E-07  4.11989E-08  2.96301E-07
 3.31904E+01  8.68800E+03  3.31924E+01  8.68900E+03  6.20220E-01  6.21351E-01  6.20220E-01  6.21352E-01  6.20788E-01  6.21915E-01  6.20788E-01  6.21916E-01  6.19652E-01  6.20788E-01  6.19652E-01  6.20788E-01  2.12242E-07  5.08558E-07  3.83787E-07  7.23811E-07  4.07988E-08  2.93412E-07
 3.35170E+01  8.85600E+03  3.35190E+01  8.85700E+03  6.20217E-01  6.21359E-01  6.20217E-01  6.21360E-01  6.20791E-01  6.21928E-01  6.20791E-01  6.21929E-01  6.19643E-01  6.20791E-01  6.19643E-01  6.20791E-01  2.10206E-07  5.03662E-07  3.80104E-07  7.16824E-07  4.04103E-08  2.90607E-07
 3.38405E+01  9.02400E+03  3.38425E+01  9.02500E+03  6.20214E-01  6.21367E-01  6.20214E-01  6.21368E-01  6.20793E-01  6.21942E-01  6.20793E-01  6.21943E-01  6.19634E-01  6.20793E-01  6.19634E-01  6.20793E-01  2.08229E-07  4.98906E-07  3.76527E-07  7.10036E-07  4.00329E-08  2.87882E-07
 3.41610E+01  9.19200E+03  3.41629E+01  9.19300E+03  6.20210E-01  6.21375E-01  6.20211E-01  6.21376E-01  6.20796E-01  6.21955E-01  6.20796E-01  6.21956E-01  6.19626E-01  6.20796E-01  6.19626E-01  6.20796E-01  2.06307E-07  4.94282E-07  3.73050E-07  7.03438E-07  3.96661E-08  2.85233E-07
 3.44786E+01  9.36000E+03  3.44804E+01  9.36100E+03  6.20207E-01  6.21383E-01  6.20208E-01  6.21383E-01  6.20798E-01  6.21968E-01  6.20798E-01  6.21969E-01  6.19617E-01  6.20798E-01  6.19617E-01  6.20798E-01  2.04438E-07  4.89786E-07  3.69668E-07  6.97022E-07  3.93094E-08  2.82657E-07
 3.47932E+01  9.52800E+03  3.47951E+01  9.52900E+03  6.20204E-01  6.21391E-01  6.20205E-01  6.21391E-01  6.20800E-01  6.21981E-01  6.20801E-01  6.21982E-01  6.19609E-01  6.20800E-01  6.19609E-01  6.20801E-01  2.02619E-07  4.85412E-07  3.66378E-07  6.90780E-07  3.89623E-08  2.80151E-07
 3.51051E+01  9.69600E+03  3.51070E+01  9.69700E+03  6.20202E-01  6.21398E-01  6.20202E-01  6.21399E-01  6.20803E-01  6.21994E-01  6.20803E-01  6.21995E-01  6.19601E-01  6.20803E-01  6.19601E-01  6.20803E-01  2.00848E-07  4.81153E-07  3.63175E-07  6.84703E-07  3.86244E-08  2.77711E-07
 7.69537E+01  9.86400E+03  3.51325E+01  9.96400E+03  5.31202E-01  5.34116E-01  5.31202E-01  5.34116E-01  5.33640E-01  5.34593E-01 -1.22519E-01  2.55323E-01  5.28774E-01  5.33640E-01 -1.26475E-01  2.49216E-01 -1.95536E-01  1.81114E-01 -1.93687E-01  1.83929E-01 -1.97391E-01  1.78300E-01
 7.69537E+01  9.86400E+03  3.51325E+01  9.96400E+03  5.31202E-01  5.34116E-01 -2.08636E+00 -1.39880E+00  5.33640E-01  5.34593E-01 -1.22519E-01  2.55323E-01  5.28774E-01  5.33640E-01 -1.26475E-01  2.49216E-01 -1.95536E-01  1.81114E-01 -1.93687E-01  1.83929E-01 -1.97391E-01  1.78300E-01
 3.54447E+01  1.01350E+04  3.54465E+01  1.01360E+04  6.20207E-01  6.21415E-01  6.20207E-01  6.21415E-01  6.20822E-01  6.22009E-01  6.20822E-01  6.22009E-01  6.19592E-01  6.20822E-01  6.19592E-01  6.20822E-01  1.96375E-07  4.70434E-07  3.55084E-07  6.69446E-07  3.77690E-08  2.71525E-07
 3.57470E+01  1.03030E+04  3.57488E+01  1.03040E+04  6.20204E-01  6.21422E-01  6.20204E-01  6.21423E-01  6.20824E-01  6.22021E-01  6.20824E-01  6.22022E-01  6.19584E-01  6.20824E-01  6.19584E-01  6.20824E-01  1.94764E-07  4.66557E-07  3.52168E-07  6.63913E-07  3.74614E-08  2.69304E-07
 3.60469E+01  1.04710E+04  3.60487E+01  1.04720E+04  6.20201E-01  6.21430E-01  6.20201E-01  6.21430E-01  6.20826E-01  6.22034E-01  6.20827E-01  6.22034E-01  6.19576E-01  6.20826E-01  6.19576E-01  6.20826E-01  1.93192E-07  4.62775E-07  3.49324E-07  6.58515E-07  3.71614E-08  2.67138E-07
 3.63444E+01  1.06390E+04  3.63461E+01  1.06400E+04  6.20198E-01  6.21437E-01  6.20198E-01  6.21437E-01  6.20828E-01  6.22046E-01  6.20829E-01  6.22047E-01  6.19568E-01  6.20828E-01  6.19568E-01  6.20829E-01  1.91657E-07  4.59084E-07  3.46549E-07  6.53248E-07  3.68686E-08  2.65025E-07
 3.66395E+01  1.08070E+04  3.66412E+01  1.08080E+04  6.20195E-01  6.21444E-01  6.20195E-01  6.21445E-01  6.20831E-01  6.22058E-01  6.20831E-01  6.22059E-01  6.19560E-01  6.20831E-01  6.19560E-01  6.20831E-01  1.90160E-07  4.55481E-07  3.43839E-07  6.48106E-07  3.65828E-08  2.62961E-07
 3.69323E+01  1.09750E+04  3.69340E+01  1.09760E+04  6.20192E-01  6.21451E-01  6.20193E-01  6.21452E-01  6.20833E-01  6.22070E-01  6.20833E-01  6.22071E-01  6.19552E-01  6.20833E-01  6.19552E-01  6.20833E-01  1.88697E-07  4.51963E-07  3.41193E-07  6.43084E-07  3.63036E-08  2.60946E-07
 3.72228E+01  1.11430E+04  3.72245E+01  1.11440E+04  6.20190E-01  6.21459E-01  6.20190E-01  6.21459E-01  6.20835E-01  6.22083E-01  6.20836E-01  6.22083E-01  6.19545E-01  6.20835E-01  6.19545E-01  6.20835E-01  1.87268E-07  4.48525E-07  3.38607E-07  6.38178E-07  3.60309E-08  2.58977E-07
 3.75112E+01  1.13110E+04  3.75129E+01  1.13120E+04  6.20187E-01  6.21466E-01  6.20187E-01  6.21466E-01  6.20837E-01  6.22095E-01  6.20838E-01  6.22095E-01  6.19537E-01  6.20837E-01  6.19537E-01  6.20838E-01  1.85871E-07  4.45165E-07  3.36081E-07  6.33382E-07  3.57643E-08  2.57052E-07
 3.77974E+01  1.14790E+04  3.77991E+01  1.14800E+04  6.20184E-01  6.21473E-01  6.20184E-01  6.21473E-01  6.20840E-01  6.22106E-01  6.20840E-01  6.22107E-01  6.19529E-01  6.20840E-01  6.19529E-01  6.20840E-01  1.84506E-07  4.41881E-07  3.33611E-07  6.28694E-07  3.55037E-08  2.55171E-07
 3.80815E+01  1.16470E+04  3.80832E+01  1.16480E+04  6.20181E-01  6.21480E-01  6.20182E-01  6.21480E-01  6.20842E-01  6.22118E-01  6.20842E-01  6.22119E-01  6.19522E-01  6.20842E-01  6.19522E-01  6.20842E-01  1.83171E-07  4.38668E-07  3.31195E-07  6.24109E-07  3.52489E-08  2.53331E-07
 3.83635E+01  1.18150E+04  3.83652E+01  1.18160E+04  6.20179E-01  6.21487E-01  6.20179E-01  6.21487E-01  6.20844E-01  6.22130E-01  6.20844E-01  6.22131E-01  6.19514E-01  6.20844E-01  6.19514E-01  6.20844E-01  1.81864E-07  4.35526E-07  3.28831E-07  6.19624E-07  3.49996E-08  2.51531E-07
 3.86436E+01  1.19830E+04  3.86452E+01  1.19840E+04  6.20176E-01  6.21494E-01  6.20176E-01  6.21494E-01  6.20846E-01  6.22142E-01  6.20846E-01  6.22142E-01  6.19507E-01  6.20846E-01  6.19507E-01  6.20846E-01  1.80586E-07  4.32450E-07  3.26518E-07  6.15235E-07  3.47556E-08  2.49770E-07
 3.89217E+01  1.21510E+04  3.89233E+01  1.21520E+04  6.20173E-01  6.21500E-01  6.20174E-01  6.21501E-01  6.20848E-01  6.22153E-01  6.20849E-01  6.22154E-01  6.19499E-01  6.20848E-01  6.19499E-01  6.20848E-01  1.79334E-07  4.29439E-07  3.24254E-07  6.10938E-07  3.45167E-08  2.48045E-07
 8.36581E+01  1.23190E+04  3.84160E+01  1.24190E+04  5.31283E-01  5.34452E-01  5.31283E-01  5.34452E-01  5.34009E-01  5.34895E-01 -1.22652E-01  2.55306E-01  5.28570E-01  5.34009E-01 -1.27065E-01  2.48513E-01 -1.95889E-01  1.80761E-01 -1.93829E-01  1.83904E-01 -1.97959E-01  1.77619E-01
 8.36581E+01  1.23190E+04  3.84160E+01  1.24190E+04  5.31283E-01  5.34452E-01 -2.08647E+00 -1.40047E+00  5.34009E-01  5.34895E-01 -1.22652E-01  2.55306E-01  5.28570E-01  5.34009E-01 -1.27065E-01  2.48513E-01 -1.95889E-01  1.80761E-01 -1.93829E-01  1.83904E-01 -1.97959E-01  1.77619E-01
 3.86956E+01  1.25900E+04  3.86972E+01  1.25910E+04  6.20192E-01  6.21512E-01  6.20192E-01  6.21512E-01  6.20879E-01  6.22144E-01  6.20880E-01  6.22145E-01  6.19506E-01  6.20879E-01  6.19506E-01  6.20880E-01  1.76088E-07  4.21701E-07  3.18384E-07  5.99970E-07  3.38939E-08  2.43532E-07
 3.89668E+01  1.27580E+04  3.89684E+01  1.27590E+04  6.20190E-01  6.21518E-01  6.20190E-01  6.21519E-01  6.20882E-01  6.22156E-01  6.20882E-01  6.22156E-01  6.19499E-01  6.20882E-01  6.19499E-01  6.20882E-01  1.74927E-07  4.18909E-07  3.16285E-07  5.95984E-07  3.36725E-08  2.41934E-07
 3.92363E+01  1.29260E+04  3.92379E+01  1.29270E+04  6.20187E-01  6.21525E-01  6.20187E-01  6.21525E-01  6.20884E-01  6.22167E-01  6.20884E-01  6.22167E-01  6.19491E-01  6.20884E-01  6.19491E-01  6.20884E-01  1.73790E-07  4.16172E-07  3.14227E-07  5.92077E-07  3.34554E-08  2.40367E-07
 3.95040E+01  1.30940E+04  3.95056E+01  1.30950E+04  6.20185E-01  6.21531E-01  6.20185E-01  6.21532E-01  6.20886E-01  6.22178E-01  6.20886E-01  6.22178E-01  6.19484E-01  6.20886E-01  6.19484E-01  6.20886E-01  1.72675E-07  4.13489E-07  3.12209E-07  5.88246E-07  3.32425E-08  2.38831E-07
 3.97699E+01  1.32620E+04  3.97715E+01  1.32630E+04  6.20182E-01  6.21538E-01  6.20182E-01  6.21538E-01  6.20888E-01  6.22189E-01  6.20888E-01  6.22190E-01  6.19477E-01  6.20888E-01  6.19477E-01  6.20888E-01  1.71581E-07  4.10858E-07  3.10231E-07  5.84489E-07  3.30338E-08  2.37325E-07
 4.00342E+01  1.34300E+04  4.00358E+01  1.34310E+04  6.20180E-01  6.21544E-01  6.20180E-01  6.21545E-01  6.20890E-01  6.22200E-01  6.20890E-01  6.22200E-01  6.19470E-01  6.20890E-01  6.19470E-01  6.20890E-01  1.70508E-07  4.08276E-07  3.08290E-07  5.80804E-07  3.28290E-08  2.35847E-07
 4.02969E+01  1.35980E+04  4.02984E+01  1.35990E+04  6.20177E-01  6.21551E-01  6.20177E-01  6.21551E-01  6.20892E-01  6.22211E-01  6.20892E-01  6.22211E-01  6.19463E-01  6.20892E-01  6.19463E-01  6.20892E-01  1.69456E-07  4.05743E-07  3.06386E-07  5.77188E-07  3.26281E-08  2.34397E-07
 4.05579E+01  1.37660E+04  4.05594E+01  1.37670E+04  6.20175E-01  6.21557E-01  6.20175E-01  6.21558E-01  6.20894E-01  6.22222E-01  6.20894E-01  6.22222E-01  6.19456E-01  6.20894E-01  6.19456E-01  6.20894E-01  1.68423E-07  4.03257E-07  3.04517E-07  5.73639E-07  3.24309E-08  2.32974E-07
 4.08173E+01  1.39340E+04  4.08189E+01  1.39350E+04  6.20172E-01  6.21564E-01  6.20172E-01  6.21564E-01  6.20896E-01  6.22232E-01  6.20896E-01  6.22233E-01  6.19449E-01  6.20896E-01  6.19449E-01  6.20896E-01  1.67408E-07  4.00817E-07  3.02682E-07  5.70155E-07  3.22374E-08  2.31578E-07
 4.10752E+01  1.41020E+04  4.10767E+01  1.41030E+04  6.20170E-01  6.21570E-01  6.20170E-01  6.21570E-01  6.20898E-01  6.22243E-01  6.20898E-01  6.22244E-01  6.19442E-01  6.20898E-01  6.19442E-01  6.20898E-01  1.66413E-07  3.98421E-07  3.00880E-07  5.66735E-07  3.20473E-08  2.30206E-07
 4.13315E+01  1.42700E+04  4.13330E+01  1.42710E+04  6.20167E-01  6.21576E-01  6.20167E-01  6.21577E-01  6.20900E-01  6.22254E-01  6.20900E-01  6.22254E-01  6.19436E-01  6.20900E-01  6.19436E-01  6.20900E-01  1.65435E-07  3.96067E-07  2.99111E-07  5.63375E-07  3.18606E-08  2.28859E-07
 4.15863E+01  1.44380E+04  4.15878E+01  1.44390E+04  6.20165E-01  6.21583E-01  6.20165E-01  6.21583E-01  6.20902E-01  6.22264E-01  6.20902E-01  6.22265E-01  6.19429E-01  6.20902E-01  6.19429E-01  6.20902E-01  1.64474E-07  3.93756E-07  2.97373E-07  5.60075E-07  3.16773E-08  2.27536E-07
 4.18397E+01  1.46060E+04  4.18412E+01  1.46070E+04  6.20162E-01  6.21589E-01  6.20163E-01  6.21589E-01  6.20904E-01  6.22275E-01  6.20904E-01  6.22275E-01  6.19422E-01  6.20904E-01  6.19422E-01  6.20904E-01  1.63530E-07  3.91484E-07  2.95665E-07  5.56833E-07  3.14971E-08  2.26236E-07
 4.20916E+01  1.47740E+04  4.20930E+01  1.47750E+04  6.20160E-01  6.21595E-01  6.20160E-01  6.21595E-01  6.20905E-01  6.22285E-01  6.20906E-01  6.22286E-01  6.19415E-01  6.20905E-01  6.19415E-01  6.20906E-01  1.62602E-07  3.89252E-07  2.93987E-07  5.53647E-07  3.13201E-08  2.24958E-07
 8.98855E+01  1.49420E+04  4.04459E+01  1.50420E+04  5.31368E-01  5.34774E-01  5.31368E-01  5.34774E-01  5.34372E-01  5.35176E-01 -1.22748E-01  2.54929E-01  5.28380E-01  5.34372E-01 -1.27602E-01  2.47971E-01 -1.96246E-01  1.80277E-01 -1.93981E-01  1.83502E-01 -1.98522E-01  1.77052E-01
 8.98855E+01  1.49420E+04  4.04459E+01  1.50420E+04  5.31368E-01  5.34774E-01 -2.08661E+00 -1.40208E+00  5.34372E-01  5.35176E-01 -1.22748E-01  2.54929E-01  5.28380E-01  5.34372E-01 -1.27602E-01  2.47971E-01 -1.96246E-01  1.80277E-01 -1.93981E-01  1.83502E-01 -1.98522E-01  1.77052E-01
 4.06999E+01  1.52130E+04  4.07014E+01  1.52140E+04  6.20209E-01  6.21597E-01  6.20210E-01  6.21598E-01  6.20966E-01  6.22229E-01  6.20966E-01  6.22229E-01  6.19453E-01  6.20966E-01  6.19453E-01  6.20966E-01  1.60070E-07  3.83300E-07  2.89411E-07  5.45299E-07  3.08305E-08  2.21390E-07
 4.09466E+01  1.53810E+04  4.09480E+01  1.53820E+04  6.20207E-01  6.21603E-01  6.20207E-01  6.21604E-01  6.20968E-01  6.22239E-01  6.20968E-01  6.22240E-01  6.19447E-01  6.20968E-01  6.19447E-01  6.20968E-01  1.59199E-07  3.81204E-07  2.87837E-07  5.42306E-07  3.06643E-08  2.20192E-07
 4.11919E+01  1.55490E+04  4.11934E+01  1.55500E+04  6.20205E-01  6.21609E-01  6.20205E-01  6.21610E-01  6.20970E-01  6.22249E-01  6.20970E-01  6.22250E-01  6.19440E-01  6.20970E-01  6.19440E-01  6.20970E-01  1.58343E-07  3.79143E-07  2.86288E-07  5.39362E-07  3.05009E-08  2.19014E-07
 4.14359E+01  1.57170E+04  4.14374E+01  1.57180E+04  6.20202E-01  6.21615E-01  6.20203E-01  6.21616E-01  6.20972E-01  6.22259E-01  6.20972E-01  6.22260E-01  6.19434E-01  6.20972E-01  6.19434E-01  6.20972E-01  1.57501E-07  3.77115E-07  2.84764E-07  5.36465E-07  3.03401E-08  2.17855E-07
 4.16786E+01  1.58850E+04  4.16801E+01  1.58860E+04  6.20200E-01  6.21621E-01  6.20200E-01  6.21622E-01  6.20974E-01  6.22269E-01  6.20974E-01  6.22270E-01  6.19427E-01  6.20974E-01  6.19427E-01  6.20974E-01  1.56672E-07  3.75120E-07  2.83265E-07  5.33616E-07  3.01819E-08  2.16714E-07
 4.19201E+01  1.60530E+04  4.19215E+01  1.60540E+04  6.20198E-01  6.21627E-01  6.20198E-01  6.21628E-01  6.20976E-01  6.22279E-01  6.20976E-01  6.22280E-01  6.19421E-01  6.20976E-01  6.19421E-01  6.20976E-01  1.55857E-07  3.73156E-07  2.81789E-07  5.30811E-07  3.00262E-08  2.15591E-07
 4.21603E+01  1.62210E+04  4.21617E+01  1.62220E+04  6.20195E-01  6.21633E-01  6.20196E-01  6.21633E-01  6.20977E-01  6.22289E-01  6.20978E-01  6.22290E-01  6.19415E-01  6.20977E-01  6.19415E-01  6.20978E-01  1.55054E-07  3.71223E-07  2.80337E-07  5.28050E-07  2.98729E-08  2.14487E-07
 4.23992E+01  1.63890E+04  4.24006E+01  1.63900E+04  6.20193E-01  6.21639E-01  6.20193E-01  6.21639E-01  6.20979E-01  6.22299E-01  6.20979E-01  6.22300E-01  6.19408E-01  6.20979E-01  6.19408E-01  6.20979E-01  1.54263E-07  3.69320E-07  2.78907E-07  5.25333E-07  2.97220E-08  2.13399E-07
 4.26369E+01  1.65570E+04  4.26383E+01  1.65580E+04  6.20191E-01  6.21645E-01  6.20191E-01  6.21645E-01  6.20981E-01  6.22309E-01  6.20981E-01  6.22310E-01  6.19402E-01  6.20981E-01  6.19402E-01  6.20981E-01  1.53485E-07  3.67447E-07  2.77500E-07  5.22657E-07  2.95735E-08  2.12328E-07
 4.28734E+01  1.67250E+04  4.28748E+01  1.67260E+04  6.20189E-01  6.21651E-01  6.20189E-01  6.21651E-01  6.20983E-01  6.22319E-01  6.20983E-01  6.22319E-01  6.19396E-01  6.20983E-01  6.19396E-01  6.20983E-01  1.52719E-07  3.65602E-07  2.76113E-07  5.20022E-07  2.94272E-08  2.11273E-07
 4.31088E+01  1.68930E+04  4.31102E+01  1.68940E+04  6.20186E-01  6.21656E-01  6.20187E-01  6.21657E-01  6.20985E-01  6.22329E-01  6.20985E-01  6.22329E-01  6.19389E-01  6.20985E-01  6.19389E-01  6.20985E-01  1.51964E-07  3.63785E-07  2.74748E-07  5.17426E-07  2.92831E-08  2.10234E-07
 4.33429E+01  1.70610E+04  4.33443E+01  1.70620E+04  6.20184E-01  6.21662E-01  6.20184E-01  6.21662E-01  6.20986E-01  6.22338E-01  6.20987E-01  6.22339E-01  6.19383E-01  6.20986E-01  6.19383E-01  6.20987E-01  1.51221E-07  3.61995E-07  2.73403E-07  5.14870E-07  2.91412E-08  2.09211E-07
 4.35759E+01  1.72290E+04  4.35773E+01  1.72300E+04  6.20182E-01  6.21668E-01  6.20182E-01  6.21668E-01  6.20988E-01  6.22348E-01  6.20988E-01  6.22349E-01  6.19377E-01  6.20988E-01  6.19377E-01  6.20988E-01  1.50488E-07  3.60231E-07  2.72078E-07  5.12351E-07  2.90014E-08  2.08202E-07
 4.38078E+01  1.73970E+04  4.38092E+01  1.73980E+04  6.20180E-01  6.21673E-01  6.20180E-01  6.21674E-01  6.20990E-01  6.22358E-01  6.20990E-01  6.22358E-01  6.19371E-01  6.20990E-01  6.19371E-01  6.20990E-01  1.49766E-07  3.58493E-07  2.70772E-07  5.09869E-07  2.88636E-08  2.07209E-07
 9.57889E+01  1.75650E+04  4.07650E+01  1.76650E+04  5.31440E-01  5.35070E-01  5.31440E-01  5.35070E-01  5.34699E-01  5.35442E-01 -1.22805E-01  2.54004E-01  5.28199E-01  5.34699E-01 -1.28062E-01  2.47653E-01 -1.96611E-01  1.79584E-01 -1.94159E-01  1.82528E-01 -1.99076E-01  1.76640E-01
 9.57889E+01  1.75650E+04  4.07650E+01  1.76650E+04  5.31440E-01  5.35070E-01 -2.08671E+00 -1.40355E+00  5.34699E-01  5.35442E-01 -1.22805E-01  2.54004E-01  5.28199E-01  5.34699E-01 -1.28062E-01  2.47653E-01 -1.96611E-01  1.79584E-01 -1.94159E-01  1.82528E-01 -1.99076E-01  1.76640E-01
 4.09992E+01  1.78360E+04  4.10005E+01  1.78370E+04  6.20267E-01  6.21665E-01  6.20267E-01  6.21665E-01  6.21088E-01  6.22243E-01  6.21088E-01  6.22244E-01  6.19447E-01  6.21088E-01  6.19447E-01  6.21088E-01  1.47646E-07  3.53606E-07  2.66944E-07  5.03121E-07  2.84493E-08  2.04167E-07
 4.12269E+01  1.80040E+04  4.12282E+01  1.80050E+04  6.20265E-01  6.21671E-01  6.20265E-01  6.21671E-01  6.21089E-01  6.22253E-01  6.21090E-01  6.22253E-01  6.19441E-01  6.21089E-01  6.19441E-01  6.21090E-01  1.46963E-07  3.51961E-07  2.65710E-07  5.00770E-07  2.83189E-08  2.03229E-07
 4.14535E+01  1.81720E+04  4.14549E+01  1.81730E+04  6.20263E-01  6.21676E-01  6.20263E-01  6.21677E-01  6.21091E-01  6.22262E-01  6.21091E-01  6.22263E-01  6.19435E-01  6.21091E-01  6.19435E-01  6.21091E-01  1.46290E-07  3.50339E-07  2.64492E-07  4.98451E-07  2.81904E-08  2.02304E-07
 4.16791E+01  1.83400E+04  4.16805E+01  1.83410E+04  6.20260E-01  6.21682E-01  6.20261E-01  6.21682E-01  6.21093E-01  6.22271E-01  6.21093E-01  6.22272E-01  6.19429E-01  6.21093E-01  6.19429E-01  6.21093E-01  1.45626E-07  3.48740E-07  2.63292E-07  4.96165E-07  2.80636E-08  2.01391E-07
 4.19037E+01  1.85080E+04  4.19050E+01  1.85090E+04  6.20258E-01  6.21687E-01  6.20258E-01  6.21688E-01  6.21095E-01  6.22281E-01  6.21095E-01  6.22281E-01  6.19423E-01  6.21095E-01  6.19423E-01  6.21095E-01  1.44972E-07  3.47162E-07  2.62107E-07  4.93910E-07  2.79386E-08  2.00491E-07
 4.21273E+01  1.86760E+04  4.21286E+01  1.86770E+04  6.20256E-01  6.21693E-01  6.20256E-01  6.21693E-01  6.21096E-01  6.22290E-01  6.21096E-01  6.22290E-01  6.19417E-01  6.21096E-01  6.19417E-01  6.21096E-01  1.44326E-07  3.45606E-07  2.60939E-07  4.91686E-07  2.78153E-08  1.99604E-07
 4.23498E+01  1.88440E+04  4.23511E+01  1.88450E+04  6.20254E-01  6.21698E-01  6.20254E-01  6.21699E-01  6.21098E-01  6.22299E-01  6.21098E-01  6.22300E-01  6.19411E-01  6.21098E-01  6.19411E-01  6.21098E-01  1.43689E-07  3.44071E-07  2.59787E-07  4.89492E-07  2.76937E-08  1.98728E-07
 4.25714E+01  1.90120E+04  4.25727E+01  1.90130E+04  6.20252E-01  6.21704E-01  6.20252E-01  6.21704E-01  6.21100E-01  6.22308E-01  6.21100E-01  6.22309E-01  6.19405E-01  6.21100E-01  6.19405E-01  6.21100E-01  1.43061E-07  3.42557E-07  2.58650E-07  4.87327E-07  2.75737E-08  1.97864E-07
 4.27920E+01  1.91800E+04  4.27933E+01  1.91810E+04  6.20250E-01  6.21709E-01  6.20250E-01  6.21710E-01  6.21101E-01  6.22318E-01  6.21102E-01  6.22318E-01  6.19399E-01  6.21101E-01  6.19399E-01  6.21101E-01  1.42440E-07  3.41062E-07  2.57528E-07  4.85190E-07  2.74553E-08  1.97011E-07
 4.30116E+01  1.93480E+04  4.30129E+01  1.93490E+04  6.20248E-01  6.21715E-01  6.20248E-01  6.21715E-01  6.21103E-01  6.22327E-01  6.21103E-01  6.22327E-01  6.19394E-01  6.21103E-01  6.19393E-01  6.21103E-01  1.41828E-07  3.39587E-07  2.56421E-07  4.83082E-07  2.73384E-08  1.96170E-07
 4.32303E+01  1.95160E+04  4.32316E+01  1.95170E+04  6.20246E-01  6.21720E-01  6.20246E-01  6.21720E-01  6.21105E-01  6.22336E-01  6.21105E-01  6.22336E-01  6.19388E-01  6.21105E-01  6.19388E-01  6.21105E-01  1.41224E-07  3.38132E-07  2.55328E-07  4.81002E-07  2.72231E-08  1.95339E-07
 4.34481E+01  1.96840E+04  4.34494E+01  1.96850E+04  6.20244E-01  6.21725E-01  6.20244E-01  6.21726E-01  6.21106E-01  6.22345E-01  6.21107E-01  6.22345E-01  6.19382E-01  6.21106E-01  6.19382E-01  6.21106E-01  1.40628E-07  3.36695E-07  2.54250E-07  4.78948E-07  2.71092E-08  1.94520E-07
 4.36649E+01  1.98520E+04  4.36662E+01  1.98530E+04  6.20241E-01  6.21731E-01  6.20242E-01  6.21731E-01  6.21108E-01  6.22354E-01  6.21108E-01  6.22354E-01  6.19376E-01  6.21108E-01  6.19376E-01  6.21108E-01  1.40039E-07  3.35276E-07  2.53185E-07  4.76920E-07  2.69968E-08  1.93710E-07
 4.38808E+01  2.00200E+04  4.38821E+01  2.00210E+04  6.20239E-01  6.21736E-01  6.20240E-01  6.21736E-01  6.21110E-01  6.22363E-01  6.21110E-01  6.22363E-01  6.19370E-01  6.21110E-01  6.19370E-01  6.21110E-01  1.39458E-07  3.33876E-07  2.52133E-07  4.74918E-07  2.68858E-08  1.92911E-07
 1.01214E+02  2.01880E+04  3.97236E+01  2.02880E+04  5.31508E-01  5.35344E-01  5.31508E-01  5.35344E-01  5.35004E-01  5.35686E-01 -1.22826E-01  2.52683E-01  5.28033E-01  5.35004E-01 -1.28456E-01  2.47515E-01 -1.96976E-01  1.78747E-01 -1.94351E-01  1.81139E-01 -1.99616E-01  1.76356E-01
 1.01214E+02  2.01880E+04  3.97236E+01  2.02880E+04  5.31508E-01  5.35344E-01 -2.08680E+00 -1.40491E+00  5.35004E-01  5.35686E-01 -1.22826E-01  2.52683E-01  5.28033E-01  5.35004E-01 -1.28456E-01  2.47515E-01 -1.96976E-01  1.78747E-01 -1.94351E-01  1.81139E-01 -1.99616E-01  1.76356E-01
 3.99420E+01  2.04590E+04  3.99433E+01  2.04600E+04  6.20357E-01  6.21719E-01  6.20357E-01  6.21719E-01  6.21237E-01  6.22202E-01  6.21237E-01  6.22202E-01  6.19477E-01  6.21237E-01  6.19477E-01  6.21237E-01  1.37619E-07  3.29714E-07  2.48817E-07  4.69256E-07  2.65230E-08  1.90231E-07
 4.01544E+01  2.06270E+04  4.01557E+01  2.06280E+04  6.20355E-01  6.21724E-01  6.20355E-01  6.21725E-01  6.21238E-01  6.22211E-01  6.21239E-01  6.22211E-01  6.19472E-01  6.21238E-01  6.19472E-01  6.21239E-01  1.37066E-07  3.28380E-07  2.47817E-07  4.67348E-07  2.64174E-08  1.89472E-07
 4.03660E+01  2.07950E+04  4.03672E+01  2.07960E+04  6.20352E-01  6.21730E-01  6.20353E-01  6.21730E-01  6.21240E-01  6.22220E-01  6.21240E-01  6.22220E-01  6.19466E-01  6.21240E-01  6.19466E-01  6.21240E-01  1.36520E-07  3.27063E-07  2.46830E-07  4.65463E-07  2.63131E-08  1.88723E-07
 4.05767E+01  2.09630E+04  4.05780E+01  2.09640E+04  6.20350E-01  6.21735E-01  6.20351E-01  6.21735E-01  6.21242E-01  6.22228E-01  6.21242E-01  6.22229E-01  6.19461E-01  6.21242E-01  6.19461E-01  6.21242E-01  1.35981E-07  3.25762E-07  2.45854E-07  4.63601E-07  2.62101E-08  1.87982E-07
 4.07866E+01  2.11310E+04  4.07878E+01  2.11320E+04  6.20348E-01  6.21740E-01  6.20349E-01  6.21740E-01  6.21243E-01  6.22237E-01  6.21243E-01  6.22237E-01  6.19455E-01  6.21243E-01  6.19455E-01  6.21243E-01  1.35448E-07  3.24476E-07  2.44890E-07  4.61761E-07  2.61083E-08  1.87251E-07
 4.09956E+01  2.12990E+04  4.09969E+01  2.13000E+04  6.20346E-01  6.21745E-01  6.20347E-01  6.21745E-01  6.21245E-01  6.22246E-01  6.21245E-01  6.22246E-01  6.19449E-01  6.21245E-01  6.19449E-01  6.21245E-01  1.34922E-07  3.23205E-07  2.43938E-07  4.59943E-07  2.60077E-08  1.86528E-07
 4.12039E+01  2.14670E+04  4.12051E+01  2.14680E+04  6.20344E-01  6.21750E-01  6.20345E-01  6.21750E-01  6.21246E-01  6.22254E-01  6.21247E-01  6.22255E-01  6.19444E-01  6.21246E-01  6.19444E-01  6.21247E-01  1.34401E-07  3.21950E-07  2.42997E-07  4.58147E-07  2.59083E-08  1.85814E-07
 4.14113E+01  2.16350E+04  4.14125E+01  2.16360E+04  6.20343E-01  6.21755E-01  6.20343E-01  6.21756E-01  6.21248E-01  6.22263E-01  6.21248E-01  6.22263E-01  6.19438E-01  6.21248E-01  6.19438E-01  6.21248E-01  1.33887E-07  3.20709E-07  2.42066E-07  4.56371E-07  2.58101E-08  1.85108E-07
 4.16179E+01  2.18030E+04  4.16192E+01  2.18040E+04  6.20341E-01  6.21760E-01  6.20341E-01  6.21761E-01  6.21250E-01  6.22271E-01  6.21250E-01  6.22272E-01  6.19433E-01  6.21250E-01  6.19433E-01  6.21250E-01  1.33379E-07  3.19483E-07  2.41147E-07  4.54616E-07  2.57130E-08  1.84410E-07
 4.18238E+01  2.19710E+04  4.18250E+01  2.19720E+04  6.20339E-01  6.21765E-01  6.20339E-01  6.21766E-01  6.21251E-01  6.22280E-01  6.21251E-01  6.22281E-01  6.19427E-01  6.21251E-01  6.19427E-01  6.21251E-01  1.32876E-07  3.18271E-07  2.40238E-07  4.52882E-07  2.56170E-08  1.83720E-07
 4.20288E+01  2.21390E+04  4.20301E+01  2.21400E+04  6.20337E-01  6.21770E-01  6.20337E-01  6.21771E-01  6.21253E-01  6.22289E-01  6.21253E-01  6.22289E-01  6.19422E-01  6.21253E-01  6.19422E-01  6.21253E-01  1.32380E-07  3.17072E-07  2.39339E-07  4.51167E-07  2.55221E-08  1.83038E-07
 4.22331E+01  2.23070E+04  4.22344E+01  2.23080E+04  6.20335E-01  6.21775E-01  6.20335E-01  6.21776E-01  6.21254E-01  6.22297E-01  6.21254E-01  6.22297E-01  6.19416E-01  6.21254E-01  6.19416E-01  6.21254E-01  1.31888E-07  3.15888E-07  2.38451E-07  4.49472E-07  2.54283E-08  1.82364E-07
 4.24367E+01  2.24750E+04  4.24379E+01  2.24760E+04  6.20333E-01  6.21780E-01  6.20333E-01  6.21781E-01  6.21256E-01  6.22305E-01  6.21256E-01  6.22306E-01  6.19411E-01  6.21256E-01  6.19411E-01  6.21256E-01  1.31403E-07  3.14716E-07  2.37573E-07  4.47796E-07  2.53356E-08  1.81698E-07
 4.26394E+01  2.26430E+04  4.26406E+01  2.26440E+04  6.20331E-01  6.21785E-01  6.20331E-01  6.21786E-01  6.21257E-01  6.22314E-01  6.21258E-01  6.22314E-01  6.19406E-01  6.21257E-01  6.19406E-01  6.21257E-01  1.30923E-07  3.13558E-07  2.36704E-07  4.46139E-07  2.52439E-08  1.81038E-07
 4.28415E+01  2.28110E+04  4.28427E+01  2.28120E+04  6.20329E-01  6.21790E-01  6.20329E-01  6.21791E-01  6.21259E-01  6.22322E-01  6.21259E-01  6.22323E-01  6.19400E-01  6.21259E-01  6.19400E-01  6.21259E-01  1.30448E-07  3.12412E-07  2.35845E-07  4.44500E-07  2.51532E-08  1.80387E-07
 1.07132E+02  2.29790E+04  3.86910E+01  2.30790E+04  5.31559E-01  5.35620E-01  5.31559E-01  5.35620E-01  5.35290E-01  5.35951E-01 -1.22858E-01  2.51279E-01  5.27851E-01  5.35290E-01 -1.28861E-01  2.47368E-01 -1.97356E-01  1.77861E-01 -1.94558E-01  1.79662E-01 -2.00169E-01  1.76060E-01
 1.07132E+02  2.29790E+04  3.86910E+01  2.30790E+04  5.31559E-01  5.35620E-01 -2.08683E+00 -1.40628E+00  5.35290E-01  5.35951E-01 -1.22858E-01  2.51279E-01  5.27851E-01  5.35290E-01 -1.28861E-01  2.47368E-01 -1.97356E-01  1.77861E-01 -1.94558E-01  1.79662E-01 -2.00169E-01  1.76060E-01
 3.88956E+01  2.32500E+04  3.88968E+01  2.32510E+04  6.20446E-01  6.21773E-01  6.20446E-01  6.21773E-01  6.21385E-01  6.22161E-01  6.21385E-01  6.22162E-01  6.19508E-01  6.21385E-01  6.19507E-01  6.21385E-01  1.28902E-07  3.08934E-07  2.33058E-07  4.39792E-07  2.48471E-08  1.78121E-07
 3.90947E+01  2.34180E+04  3.90959E+01  2.34190E+04  6.20444E-01  6.21778E-01  6.20444E-01  6.21778E-01  6.21386E-01  6.22169E-01  6.21387E-01  6.22170E-01  6.19502E-01  6.21386E-01  6.19502E-01  6.21387E-01  1.28447E-07  3.07837E-07  2.32237E-07  4.38221E-07  2.47603E-08  1.77499E-07
 3.92931E+01  2.35860E+04  3.92943E+01  2.35870E+04  6.20442E-01  6.21783E-01  6.20442E-01  6.21783E-01  6.21388E-01  6.22178E-01  6.21388E-01  6.22178E-01  6.19497E-01  6.21388E-01  6.19497E-01  6.21388E-01  1.27998E-07  3.06752E-07  2.31425E-07  4.36666E-07  2.46745E-08  1.76883E-07
 3.94908E+01  2.37540E+04  3.94920E+01  2.37550E+04  6.20440E-01  6.21788E-01  6.20440E-01  6.21788E-01  6.21389E-01  6.22186E-01  6.21390E-01  6.22186E-01  6.19492E-01  6.21389E-01  6.19492E-01  6.21390E-01  1.27554E-07  3.05679E-07  2.30621E-07  4.35129E-07  2.45895E-08  1.76274E-07
 3.96879E+01  2.39220E+04  3.96890E+01  2.39230E+04  6.20438E-01  6.21792E-01  6.20438E-01  6.21793E-01  6.21391E-01  6.22194E-01  6.21391E-01  6.22194E-01  6.19486E-01  6.21391E-01  6.19486E-01  6.21391E-01  1.27114E-07  3.04617E-07  2.29825E-07  4.33607E-07  2.45055E-08  1.75671E-07
 3.98842E+01  2.40900E+04  3.98854E+01  2.40910E+04  6.20436E-01  6.21797E-01  6.20436E-01  6.21797E-01  6.21392E-01  6.22202E-01  6.21393E-01  6.22203E-01  6.19481E-01  6.21392E-01  6.19481E-01  6.21393E-01  1.26679E-07  3.03566E-07  2.29038E-07  4.32102E-07  2.44224E-08  1.75075E-07
 4.00799E+01  2.42580E+04  4.00810E+01  2.42590E+04  6.20434E-01  6.21802E-01  6.20434E-01  6.21802E-01  6.21394E-01  6.22210E-01  6.21394E-01  6.22211E-01  6.19476E-01  6.21394E-01  6.19476E-01  6.21394E-01  1.26249E-07  3.02526E-07  2.28259E-07  4.30612E-07  2.43401E-08  1.74485E-07
 4.02749E+01  2.44260E+04  4.02760E+01  2.44270E+04  6.20432E-01  6.21807E-01  6.20432E-01  6.21807E-01  6.21395E-01  6.22218E-01  6.21396E-01  6.22219E-01  6.19471E-01  6.21395E-01  6.19471E-01  6.21396E-01  1.25822E-07  3.01496E-07  2.27489E-07  4.29138E-07  2.42587E-08  1.73901E-07
 4.04692E+01  2.45940E+04  4.04704E+01  2.45950E+04  6.20431E-01  6.21812E-01  6.20431E-01  6.21812E-01  6.21397E-01  6.22226E-01  6.21397E-01  6.22227E-01  6.19466E-01  6.21397E-01  6.19466E-01  6.21397E-01  1.25401E-07  3.00478E-07  2.26726E-07  4.27679E-07  2.41781E-08  1.73322E-07
 4.06629E+01  2.47620E+04  4.06640E+01  2.47630E+04  6.20429E-01  6.21816E-01  6.20429E-01  6.21817E-01  6.21398E-01  6.22234E-01  6.21399E-01  6.22235E-01  6.19460E-01  6.21398E-01  6.19460E-01  6.21399E-01  1.24983E-07  2.99469E-07  2.25970E-07  4.26235E-07  2.40984E-08  1.72750E-07
 4.08559E+01  2.49300E+04  4.08571E+01  2.49310E+04  6.20427E-01  6.21821E-01  6.20427E-01  6.21821E-01  6.21400E-01  6.22242E-01  6.21400E-01  6.22243E-01  6.19455E-01  6.21400E-01  6.19455E-01  6.21400E-01  1.24570E-07  2.98471E-07  2.25223E-07  4.24805E-07  2.40194E-08  1.72184E-07
 4.10483E+01  2.50980E+04  4.10494E+01  2.50990E+04  6.20425E-01  6.21826E-01  6.20425E-01  6.21826E-01  6.21401E-01  6.22250E-01  6.21402E-01  6.22251E-01  6.19450E-01  6.21401E-01  6.19450E-01  6.21401E-01  1.24161E-07  2.97483E-07  2.24483E-07  4.23390E-07  2.39413E-08  1.71623E-07
 4.12400E+01  2.52660E+04  4.12412E+01  2.52670E+04  6.20423E-01  6.21830E-01  6.20423E-01  6.21831E-01  6.21403E-01  6.22258E-01  6.21403E-01  6.22259E-01  6.19445E-01  6.21403E-01  6.19445E-01  6.21403E-01  1.23756E-07  2.96505E-07  2.23750E-07  4.21989E-07  2.38639E-08  1.71067E-07
 4.14312E+01  2.54340E+04  4.14323E+01  2.54350E+04  6.20421E-01  6.21835E-01  6.20421E-01  6.21835E-01  6.21404E-01  6.22266E-01  6.21404E-01  6.22267E-01  6.19440E-01  6.21404E-01  6.19440E-01  6.21404E-01  1.23355E-07  2.95536E-07  2.23025E-07  4.20602E-07  2.37873E-08  1.70518E-07
