Tsteam_dox_height_event  4 t h dox d_sp d_mag Tst Tmw Tmax Tg hf
Tsteam_dox_height_event  4 7.361000E+03  0.000000E+00  3.044447E+01  1.528384E+01  1.516063E+01  4.831000E+02  5.085701E+02  5.149079E+02  9.759000E+02  4.148929E+04
Tsteam_dox_height_event  4 7.361000E+03  2.054000E+00  3.337891E+01  1.687597E+01  1.650294E+01  4.888412E+02  5.140164E+02  5.202785E+02  9.759000E+02  4.100594E+04
Tsteam_dox_height_event  4 7.361000E+03  4.107000E+00  3.627422E+01  1.853152E+01  1.774270E+01  4.946680E+02  5.195936E+02  5.257782E+02  9.759000E+02  4.051096E+04
Tsteam_dox_height_event  4 7.361000E+03  6.161000E+00  3.908295E+01  2.034786E+01  1.873509E+01  5.005741E+02  5.252431E+02  5.313493E+02  9.759000E+02  4.000956E+04
Tsteam_dox_height_event  4 7.361000E+03  8.214000E+00  4.139736E+01  2.234896E+01  1.904839E+01  5.065412E+02  5.309406E+02  5.369683E+02  9.759000E+02  3.950386E+04
Tsteam_dox_height_event  4 7.361000E+03  1.026800E+01  4.205803E+01  2.462356E+01  1.743447E+01  5.125631E+02  5.366609E+02  5.426106E+02  9.759000E+02  3.899605E+04
Tsteam_dox_height_event  4 7.361000E+03  1.106200E+01  4.149643E+01  2.552013E+01  1.597630E+01  5.149162E+02  5.388820E+02  5.448019E+02  9.759000E+02  3.879882E+04
Tsteam_dox_height_event  4 7.361000E+03  1.311600E+01  4.309614E+01  2.590298E+01  1.719316E+01  5.193137E+02  5.386642E+02  5.434377E+02  8.911000E+02  3.128961E+04
Tsteam_dox_height_event  4 7.361000E+03  1.516900E+01  3.858324E+01  2.790528E+01  1.067796E+01  5.242753E+02  5.433064E+02  5.480191E+02  8.911000E+02  3.087728E+04
Tsteam_dox_height_event  4 7.361000E+03  1.722300E+01  3.678621E+01  3.003412E+01  6.752098E+00  5.292411E+02  5.479906E+02  5.526407E+02  8.911000E+02  3.046134E+04
Tsteam_dox_height_event  4 7.361000E+03  1.927600E+01  3.520985E+01  3.229185E+01  2.918002E+00  5.342024E+02  5.526740E+02  5.572614E+02  8.911000E+02  3.004547E+04
Tsteam_dox_height_event  4 7.361000E+03  2.133000E+01  3.760314E+01  3.469219E+01  2.910953E+00  5.391603E+02  5.574064E+02  5.619286E+02  8.911000E+02  2.962543E+04
Tsteam_dox_height_event  4 7.361000E+03  2.332200E+01  3.966676E+01  3.676145E+01  2.905309E+00  5.437123E+02  5.611155E+02  5.654211E+02  8.789000E+02  2.821310E+04
Tsteam_dox_height_event  4 7.361000E+03  2.531300E+01  4.211490E+01  3.925661E+01  2.858288E+00  5.483361E+02  5.655291E+02  5.697739E+02  8.789000E+02  2.782135E+04
Tsteam_dox_height_event  4 7.361000E+03  2.730500E+01  4.484571E+01  4.188992E+01  2.955790E+00  5.529531E+02  5.699389E+02  5.741227E+02  8.789000E+02  2.742996E+04
Tsteam_dox_height_event  4 7.361000E+03  2.929600E+01  4.827865E+01  4.513865E+01  3.140005E+00  5.575408E+02  5.742149E+02  5.784512E+02  8.789000E+02  2.704039E+04
Tsteam_dox_height_event  4 7.361000E+03  3.128800E+01  5.087804E+01  4.759808E+01  3.279963E+00  5.614457E+02  5.788625E+02  5.830330E+02  8.789000E+02  2.662803E+04
Tsteam_dox_height_event  4 7.361000E+03  3.217200E+01  5.208047E+01  4.873549E+01  3.344979E+00  5.631758E+02  5.805124E+02  5.846595E+02  8.789000E+02  2.648164E+04
Tsteam_dox_height_event  4 7.361000E+03  3.416400E+01  5.114651E+01  4.783189E+01  3.314619E+00  5.654894E+02  5.780342E+02  5.810375E+02  7.941000E+02  1.917563E+04
Tsteam_dox_height_event  4 7.361000E+03  3.615500E+01  5.312031E+01  4.969799E+01  3.422320E+00  5.683061E+02  5.807137E+02  5.836791E+02  7.941000E+02  1.893788E+04
Tsteam_dox_height_event  4 7.361000E+03  3.814700E+01  5.514127E+01  5.161058E+01  3.530688E+00  5.711029E+02  5.833744E+02  5.863022E+02  7.941000E+02  1.870180E+04
Tsteam_dox_height_event  4 7.361000E+03  4.013800E+01  5.720692E+01  5.356750E+01  3.639421E+00  5.738766E+02  5.860132E+02  5.889037E+02  7.941000E+02  1.846767E+04
Tsteam_dox_height_event  4 7.361000E+03  4.213000E+01  5.931887E+01  5.557045E+01  3.748419E+00  5.766296E+02  5.886323E+02  5.914858E+02  7.941000E+02  1.823528E+04
