Tsteam_dox_height_event  3 t h dox d_sp d_mag Tst Tmw Tmax Tg hf
Tsteam_dox_height_event  3 5.578000E+03  0.000000E+00  2.640729E+01  1.323926E+01  1.316803E+01  4.831000E+02  5.084941E+02  5.148356E+02  9.759000E+02  4.149580E+04
Tsteam_dox_height_event  3 5.578000E+03  2.054000E+00  2.920434E+01  1.464475E+01  1.455959E+01  4.888421E+02  5.139421E+02  5.202079E+02  9.759000E+02  4.101229E+04
Tsteam_dox_height_event  3 5.578000E+03  4.107000E+00  3.194381E+01  1.608128E+01  1.586253E+01  4.946699E+02  5.195184E+02  5.257067E+02  9.759000E+02  4.051740E+04
Tsteam_dox_height_event  3 5.578000E+03  6.161000E+00  3.462939E+01  1.765766E+01  1.697172E+01  5.005769E+02  5.251676E+02  5.312776E+02  9.759000E+02  4.001601E+04
Tsteam_dox_height_event  3 5.578000E+03  8.214000E+00  3.750321E+01  1.939875E+01  1.810446E+01  5.065449E+02  5.308767E+02  5.369075E+02  9.759000E+02  3.950932E+04
Tsteam_dox_height_event  3 5.578000E+03  1.026800E+01  4.035137E+01  2.140377E+01  1.894760E+01  5.125673E+02  5.366356E+02  5.425867E+02  9.759000E+02  3.899820E+04
Tsteam_dox_height_event  3 5.578000E+03  1.106200E+01  4.107709E+01  2.218376E+01  1.889333E+01  5.149204E+02  5.388788E+02  5.447991E+02  9.759000E+02  3.879908E+04
Tsteam_dox_height_event  3 5.578000E+03  1.311600E+01  4.206799E+01  2.252050E+01  1.954749E+01  5.193181E+02  5.386543E+02  5.434283E+02  8.911000E+02  3.129045E+04
Tsteam_dox_height_event  3 5.578000E+03  1.516900E+01  4.356105E+01  2.426306E+01  1.929798E+01  5.242787E+02  5.433771E+02  5.480865E+02  8.911000E+02  3.087121E+04
Tsteam_dox_height_event  3 5.578000E+03  1.722300E+01  4.280892E+01  2.611822E+01  1.669069E+01  5.292435E+02  5.480734E+02  5.527195E+02  8.911000E+02  3.045425E+04
Tsteam_dox_height_event  3 5.578000E+03  1.927600E+01  4.047073E+01  2.808757E+01  1.238315E+01  5.342038E+02  5.527447E+02  5.573287E+02  8.911000E+02  3.003942E+04
Tsteam_dox_height_event  3 5.578000E+03  2.133000E+01  3.846812E+01  3.018142E+01  8.286701E+00  5.391615E+02  5.574188E+02  5.619404E+02  8.911000E+02  2.962437E+04
Tsteam_dox_height_event  3 5.578000E+03  2.332200E+01  3.382423E+01  3.199073E+01  1.833506E+00  5.437145E+02  5.610452E+02  5.653544E+02  8.789000E+02  2.821911E+04
Tsteam_dox_height_event  3 5.578000E+03  2.531300E+01  3.516541E+01  3.416341E+01  1.002002E+00  5.483395E+02  5.654474E+02  5.696963E+02  8.789000E+02  2.782833E+04
Tsteam_dox_height_event  3 5.578000E+03  2.730500E+01  3.750521E+01  3.645515E+01  1.050059E+00  5.529577E+02  5.698549E+02  5.740430E+02  8.789000E+02  2.743713E+04
Tsteam_dox_height_event  3 5.578000E+03  2.929600E+01  4.040229E+01  3.928278E+01  1.119508E+00  5.575468E+02  5.741268E+02  5.783679E+02  8.789000E+02  2.704789E+04
Tsteam_dox_height_event  3 5.578000E+03  3.128800E+01  4.259538E+01  4.142317E+01  1.172215E+00  5.614529E+02  5.787669E+02  5.829424E+02  8.789000E+02  2.663618E+04
Tsteam_dox_height_event  3 5.578000E+03  3.217200E+01  4.360975E+01  4.241304E+01  1.196700E+00  5.631836E+02  5.804156E+02  5.845678E+02  8.789000E+02  2.648990E+04
Tsteam_dox_height_event  3 5.578000E+03  3.416400E+01  4.280890E+01  4.162507E+01  1.183830E+00  5.654979E+02  5.779680E+02  5.809748E+02  7.941000E+02  1.918126E+04
Tsteam_dox_height_event  3 5.578000E+03  3.615500E+01  4.447327E+01  4.324900E+01  1.224272E+00  5.683155E+02  5.806466E+02  5.836156E+02  7.941000E+02  1.894359E+04
Tsteam_dox_height_event  3 5.578000E+03  3.814700E+01  4.617862E+01  4.491337E+01  1.265250E+00  5.711132E+02  5.833063E+02  5.862379E+02  7.941000E+02  1.870759E+04
Tsteam_dox_height_event  3 5.578000E+03  4.013800E+01  4.792294E+01  4.661633E+01  1.306612E+00  5.738879E+02  5.859442E+02  5.888385E+02  7.941000E+02  1.847353E+04
Tsteam_dox_height_event  3 5.578000E+03  4.213000E+01  4.970767E+01  4.835933E+01  1.348344E+00  5.766418E+02  5.885624E+02  5.914198E+02  7.941000E+02  1.824122E+04
