Tsteam_dox_height_event 10 t h dox d_sp d_mag Tst Tmw Tmax Tg hf
Tsteam_dox_height_event 10 2.309900E+04  0.000000E+00  3.869096E+01  2.741911E+01  1.127185E+01  4.831000E+02  5.086415E+02  5.149729E+02  9.759000E+02  4.148344E+04
Tsteam_dox_height_event 10 2.309900E+04  2.054000E+00  3.713539E+01  3.014776E+01  6.987632E+00  4.888404E+02  5.140833E+02  5.203420E+02  9.759000E+02  4.100022E+04
Tsteam_dox_height_event 10 2.309900E+04  4.107000E+00  3.761289E+01  3.308618E+01  4.526714E+00  4.946669E+02  5.196164E+02  5.257998E+02  9.759000E+02  4.050902E+04
Tsteam_dox_height_event 10 2.309900E+04  6.161000E+00  3.882167E+01  3.630722E+01  2.514448E+00  5.005730E+02  5.252375E+02  5.313440E+02  9.759000E+02  4.001004E+04
Tsteam_dox_height_event 10 2.309900E+04  8.214000E+00  4.129723E+01  3.983642E+01  1.460807E+00  5.065401E+02  5.309379E+02  5.369656E+02  9.759000E+02  3.950409E+04
Tsteam_dox_height_event 10 2.309900E+04  1.026800E+01  4.516765E+01  4.374229E+01  1.425363E+00  5.125614E+02  5.367124E+02  5.426596E+02  9.759000E+02  3.899164E+04
Tsteam_dox_height_event 10 2.309900E+04  1.106200E+01  4.679975E+01  4.533105E+01  1.468697E+00  5.149139E+02  5.389702E+02  5.448858E+02  9.759000E+02  3.879128E+04
Tsteam_dox_height_event 10 2.309900E+04  1.311600E+01  4.749100E+01  4.599518E+01  1.495824E+00  5.193108E+02  5.387218E+02  5.434923E+02  8.911000E+02  3.128469E+04
Tsteam_dox_height_event 10 2.309900E+04  1.516900E+01  5.113283E+01  4.954167E+01  1.591166E+00  5.242700E+02  5.434715E+02  5.481759E+02  8.911000E+02  3.086317E+04
Tsteam_dox_height_event 10 2.309900E+04  1.722300E+01  5.501716E+01  5.332536E+01  1.691793E+00  5.292325E+02  5.482262E+02  5.528644E+02  8.911000E+02  3.044120E+04
Tsteam_dox_height_event 10 2.309900E+04  1.927600E+01  5.914177E+01  5.734499E+01  1.796786E+00  5.341894E+02  5.529772E+02  5.575493E+02  8.911000E+02  3.001956E+04
Tsteam_dox_height_event 10 2.309900E+04  2.133000E+01  6.352520E+01  6.162078E+01  1.904420E+00  5.391425E+02  5.577266E+02  5.622324E+02  8.911000E+02  2.959809E+04
Tsteam_dox_height_event 10 2.309900E+04  2.332200E+01  6.730429E+01  6.530810E+01  1.996188E+00  5.436898E+02  5.614364E+02  5.657255E+02  8.789000E+02  2.818570E+04
Tsteam_dox_height_event 10 2.309900E+04  2.531300E+01  7.184655E+01  6.974670E+01  2.099855E+00  5.483085E+02  5.658661E+02  5.700934E+02  8.789000E+02  2.779260E+04
Tsteam_dox_height_event 10 2.309900E+04  2.730500E+01  7.663397E+01  7.442989E+01  2.204083E+00  5.529201E+02  5.702904E+02  5.744558E+02  8.789000E+02  2.739998E+04
Tsteam_dox_height_event 10 2.309900E+04  2.929600E+01  8.254399E+01  8.022283E+01  2.321157E+00  5.575021E+02  5.745860E+02  5.788018E+02  8.789000E+02  2.700884E+04
Tsteam_dox_height_event 10 2.309900E+04  3.128800E+01  8.700421E+01  8.459741E+01  2.406793E+00  5.614016E+02  5.792674E+02  5.834165E+02  8.789000E+02  2.659352E+04
Tsteam_dox_height_event 10 2.309900E+04  3.217200E+01  8.906595E+01  8.662120E+01  2.444746E+00  5.631293E+02  5.809232E+02  5.850484E+02  8.789000E+02  2.644664E+04
Tsteam_dox_height_event 10 2.309900E+04  3.416400E+01  8.738594E+01  8.494519E+01  2.440746E+00  5.654399E+02  5.783101E+02  5.812981E+02  7.941000E+02  1.915217E+04
Tsteam_dox_height_event 10 2.309900E+04  3.615500E+01  9.076517E+01  8.826092E+01  2.504256E+00  5.682528E+02  5.809944E+02  5.839442E+02  7.941000E+02  1.891403E+04
Tsteam_dox_height_event 10 2.309900E+04  3.814700E+01  9.422568E+01  9.165925E+01  2.566427E+00  5.710458E+02  5.836598E+02  5.865716E+02  7.941000E+02  1.867756E+04
Tsteam_dox_height_event 10 2.309900E+04  4.013800E+01  9.776332E+01  9.513639E+01  2.626928E+00  5.738155E+02  5.863032E+02  5.891774E+02  7.941000E+02  1.844304E+04
Tsteam_dox_height_event 10 2.309900E+04  4.213000E+01  1.013809E+02  9.869532E+01  2.685539E+00  5.765643E+02  5.889269E+02  5.917636E+02  7.941000E+02  1.821027E+04
