Tsteam_dox_height_event  2 t h dox d_sp d_mag Tst Tmw Tmax Tg hf
Tsteam_dox_height_event  2 5.139000E+03  0.000000E+00  2.530542E+01  1.268535E+01  1.262007E+01  4.831000E+02  5.084723E+02  5.148148E+02  9.759000E+02  4.149767E+04
Tsteam_dox_height_event  2 5.139000E+03  2.054000E+00  2.800401E+01  1.404109E+01  1.396292E+01  4.888423E+02  5.139208E+02  5.201876E+02  9.759000E+02  4.101412E+04
Tsteam_dox_height_event  2 5.139000E+03  4.107000E+00  3.073476E+01  1.541840E+01  1.531637E+01  4.946704E+02  5.194974E+02  5.256868E+02  9.759000E+02  4.051919E+04
Tsteam_dox_height_event  2 5.139000E+03  6.161000E+00  3.352451E+01  1.692986E+01  1.659466E+01  5.005777E+02  5.251489E+02  5.312599E+02  9.759000E+02  4.001761E+04
Tsteam_dox_height_event  2 5.139000E+03  8.214000E+00  3.656125E+01  1.860070E+01  1.796056E+01  5.065459E+02  5.308613E+02  5.368929E+02  9.759000E+02  3.951064E+04
Tsteam_dox_height_event  2 5.139000E+03  1.026800E+01  3.993650E+01  2.053346E+01  1.940304E+01  5.125684E+02  5.366295E+02  5.425810E+02  9.759000E+02  3.899871E+04
Tsteam_dox_height_event  2 5.139000E+03  1.106200E+01  4.098998E+01  2.128183E+01  1.970816E+01  5.149215E+02  5.388784E+02  5.447987E+02  9.759000E+02  3.879912E+04
Tsteam_dox_height_event  2 5.139000E+03  1.311600E+01  4.182640E+01  2.160602E+01  2.022039E+01  5.193192E+02  5.386520E+02  5.434262E+02  8.911000E+02  3.129064E+04
Tsteam_dox_height_event  2 5.139000E+03  1.516900E+01  4.410904E+01  2.327805E+01  2.083100E+01  5.242798E+02  5.433856E+02  5.480946E+02  8.911000E+02  3.087049E+04
Tsteam_dox_height_event  2 5.139000E+03  1.722300E+01  4.444267E+01  2.505898E+01  1.938369E+01  5.292442E+02  5.480959E+02  5.527409E+02  8.911000E+02  3.045232E+04
Tsteam_dox_height_event  2 5.139000E+03  1.927600E+01  4.132802E+01  2.695087E+01  1.437715E+01  5.342044E+02  5.527566E+02  5.573400E+02  8.911000E+02  3.003840E+04
Tsteam_dox_height_event  2 5.139000E+03  2.133000E+01  4.353230E+01  2.896069E+01  1.457161E+01  5.391612E+02  5.574844E+02  5.620027E+02  8.911000E+02  2.961876E+04
Tsteam_dox_height_event  2 5.139000E+03  2.332200E+01  4.583651E+01  3.069769E+01  1.513882E+01  5.437121E+02  5.611917E+02  5.654936E+02  8.789000E+02  2.820658E+04
Tsteam_dox_height_event  2 5.139000E+03  2.531300E+01  4.877423E+01  3.278268E+01  1.599156E+01  5.483348E+02  5.656092E+02  5.698500E+02  8.789000E+02  2.781450E+04
Tsteam_dox_height_event  2 5.139000E+03  2.730500E+01  5.184388E+01  3.498183E+01  1.686204E+01  5.529505E+02  5.700207E+02  5.742005E+02  8.789000E+02  2.742296E+04
Tsteam_dox_height_event  2 5.139000E+03  2.929600E+01  5.560849E+01  3.769508E+01  1.791340E+01  5.575370E+02  5.742985E+02  5.785304E+02  8.789000E+02  2.703326E+04
Tsteam_dox_height_event  2 5.139000E+03  3.128800E+01  5.844639E+01  3.974903E+01  1.869737E+01  5.614408E+02  5.789514E+02  5.831174E+02  8.789000E+02  2.662044E+04
Tsteam_dox_height_event  2 5.139000E+03  3.217200E+01  5.975012E+01  4.069892E+01  1.905120E+01  5.631704E+02  5.806016E+02  5.847441E+02  8.789000E+02  2.647403E+04
Tsteam_dox_height_event  2 5.139000E+03  3.416400E+01  5.886563E+01  3.994344E+01  1.892219E+01  5.654833E+02  5.780972E+02  5.810971E+02  7.941000E+02  1.917026E+04
Tsteam_dox_height_event  2 5.139000E+03  3.615500E+01  6.101168E+01  4.150181E+01  1.950987E+01  5.682992E+02  5.807766E+02  5.837386E+02  7.941000E+02  1.893252E+04
Tsteam_dox_height_event  2 5.139000E+03  3.814700E+01  6.319589E+01  4.309899E+01  2.009691E+01  5.710952E+02  5.834370E+02  5.863615E+02  7.941000E+02  1.869647E+04
Tsteam_dox_height_event  2 5.139000E+03  4.013800E+01  6.541428E+01  4.473320E+01  2.068108E+01  5.738680E+02  5.860755E+02  5.889626E+02  7.941000E+02  1.846237E+04
Tsteam_dox_height_event  2 5.139000E+03  4.213000E+01  6.766708E+01  4.640584E+01  2.126124E+01  5.766201E+02  5.886941E+02  5.915442E+02  7.941000E+02  1.823002E+04
