Tsteam_dox_height_event  1 t h dox d_sp d_mag Tst Tmw Tmax Tg hf
Tsteam_dox_height_event  1 2.000000E+00  0.000000E+00  2.600289E-01  1.300144E-01  1.300144E-01  4.831000E+02  5.079691E+02  5.143347E+02  9.759000E+02  4.154088E+04
Tsteam_dox_height_event  1 2.000000E+00  2.054000E+00  2.877845E-01  1.438923E-01  1.438923E-01  4.888483E+02  5.134273E+02  5.197186E+02  9.759000E+02  4.105632E+04
Tsteam_dox_height_event  1 2.000000E+00  4.107000E+00  3.184943E-01  1.592471E-01  1.592471E-01  4.946831E+02  5.189682E+02  5.251841E+02  9.759000E+02  4.056443E+04
Tsteam_dox_height_event  1 2.000000E+00  6.161000E+00  3.524206E-01  1.762103E-01  1.762103E-01  5.005978E+02  5.245850E+02  5.307245E+02  9.759000E+02  4.006579E+04
Tsteam_dox_height_event  1 2.000000E+00  8.214000E+00  3.897645E-01  1.948823E-01  1.948823E-01  5.065743E+02  5.302605E+02  5.363228E+02  9.759000E+02  3.956195E+04
Tsteam_dox_height_event  1 2.000000E+00  1.026800E+01  4.307962E-01  2.153981E-01  2.153981E-01  5.126059E+02  5.359884E+02  5.419727E+02  9.759000E+02  3.905345E+04
Tsteam_dox_height_event  1 2.000000E+00  1.106200E+01  4.477919E-01  2.238960E-01  2.238960E-01  5.149626E+02  5.382265E+02  5.441804E+02  9.759000E+02  3.885477E+04
Tsteam_dox_height_event  1 2.000000E+00  1.311600E+01  4.810762E-01  2.405381E-01  2.405381E-01  5.193672E+02  5.381293E+02  5.429309E+02  8.911000E+02  3.133522E+04
Tsteam_dox_height_event  1 2.000000E+00  1.516900E+01  5.211066E-01  2.605533E-01  2.605533E-01  5.243358E+02  5.428477E+02  5.475851E+02  8.911000E+02  3.091634E+04
Tsteam_dox_height_event  1 2.000000E+00  1.722300E+01  5.639444E-01  2.819722E-01  2.819722E-01  5.293084E+02  5.475699E+02  5.522430E+02  8.911000E+02  3.049713E+04
Tsteam_dox_height_event  1 2.000000E+00  1.927600E+01  6.096634E-01  3.048317E-01  3.048317E-01  5.342760E+02  5.522874E+02  5.568963E+02  8.911000E+02  3.007833E+04
Tsteam_dox_height_event  1 2.000000E+00  2.133000E+01  6.584297E-01  3.292148E-01  3.292148E-01  5.392406E+02  5.570020E+02  5.615468E+02  8.911000E+02  2.965979E+04
Tsteam_dox_height_event  1 2.000000E+00  2.332200E+01  7.060524E-01  3.530262E-01  3.530262E-01  5.437991E+02  5.607151E+02  5.650434E+02  8.789000E+02  2.824709E+04
Tsteam_dox_height_event  1 2.000000E+00  2.531300E+01  7.573576E-01  3.786788E-01  3.786788E-01  5.484299E+02  5.651127E+02  5.693812E+02  8.789000E+02  2.785669E+04
Tsteam_dox_height_event  1 2.000000E+00  2.730500E+01  8.116755E-01  4.058377E-01  4.058377E-01  5.530543E+02  5.695044E+02  5.737130E+02  8.789000E+02  2.746683E+04
Tsteam_dox_height_event  1 2.000000E+00  2.929600E+01  8.688460E-01  4.344230E-01  4.344230E-01  5.576496E+02  5.737536E+02  5.780176E+02  8.789000E+02  2.707941E+04
Tsteam_dox_height_event  1 2.000000E+00  3.128800E+01  9.201357E-01  4.600678E-01  4.600678E-01  5.615617E+02  5.783545E+02  5.825542E+02  8.789000E+02  2.667112E+04
Tsteam_dox_height_event  1 2.000000E+00  3.217200E+01  9.436563E-01  4.718281E-01  4.718281E-01  5.632950E+02  5.799964E+02  5.841732E+02  8.789000E+02  2.652542E+04
Tsteam_dox_height_event  1 2.000000E+00  3.416400E+01  9.758819E-01  4.879409E-01  4.879409E-01  5.656122E+02  5.777037E+02  5.807276E+02  7.941000E+02  1.920352E+04
Tsteam_dox_height_event  1 2.000000E+00  3.615500E+01  1.016359E+00  5.081794E-01  5.081794E-01  5.684338E+02  5.803764E+02  5.833628E+02  7.941000E+02  1.896634E+04
Tsteam_dox_height_event  1 2.000000E+00  3.814700E+01  1.057929E+00  5.289644E-01  5.289644E-01  5.712356E+02  5.830303E+02  5.859797E+02  7.941000E+02  1.873083E+04
Tsteam_dox_height_event  1 2.000000E+00  4.013800E+01  1.100548E+00  5.502740E-01  5.502740E-01  5.740144E+02  5.856624E+02  5.885750E+02  7.941000E+02  1.849725E+04
Tsteam_dox_height_event  1 2.000000E+00  4.213000E+01  1.144255E+00  5.721277E-01  5.721277E-01  5.767726E+02  5.882749E+02  5.911510E+02  7.941000E+02  1.826541E+04
